[algo=a_star]-[weight=2_0]-[diagonal_distance]

sources: [0-0.grid,0-1.grid,0-2.grid,0-3.grid,0-4.grid,0-5.grid,0-6.grid,0-7.grid,0-8.grid,0-9.grid,1-0.grid,1-1.grid,1-2.grid,1-3.grid,1-4.grid,1-5.grid,1-6.grid,1-7.grid,1-8.grid,1-9.grid,2-0.grid,2-1.grid,2-2.grid,2-3.grid,2-4.grid,2-5.grid,2-6.grid,2-7.grid,2-8.grid,2-9.grid,3-0.grid,3-1.grid,3-2.grid,3-3.grid,3-4.grid,3-5.grid,3-6.grid,3-7.grid,3-8.grid,3-9.grid,4-0.grid,4-1.grid,4-2.grid,4-3.grid,4-4.grid,4-5.grid,4-6.grid,4-7.grid,4-8.grid,4-9.grid]
times: [0.463000059128,0.68799996376,0.708999872208,0.792000055313,0.264000177383,0.822999954224,0.753000020981,0.640000104904,0.251000165939,0.763999938965,0.287000179291,0.398000001907,0.345999956131,0.31299996376,0.52999997139,0.46799993515,0.299999952316,0.305000066757,0.309000015259,0.78200006485,0.43499994278,0.638999938965,0.359999895096,0.489000082016,0.0150001049042,0.921999931335,0.781000137329,0.575999975204,0.791000127792,0.928999900818,0.291000127792,0.167999982834,0.236000061035,0.480999946594,1.10299992561,0.521999835968,0.18799996376,0.631999969482,0.480000019073,0.549000024796,0.796000242233,1.09500002861,0.755000114441,0.383000135422,0.760999917984,0.929999828339,0.916999816895,0.270999908447,0.717000246048,0.90299987793]
costs: [131.204581464,117.048989873,136.164105243,116.634776311,87.5269119346,124.941125497,117.29163056,119.014610307,75.4632034356,115.470562748,81.8994949366,103.230339059,114.778174593,85.4313491861,118.676406871,113.062445841,100.002416998,85.6421356237,91.8994949366,122.866378029,108.558766184,111.687445841,112.29163056,115.026911935,38.0281745931,140.987698372,117.851659403,114.534271247,137.859018716,133.187445841,89.0208152802,100.083261121,82.3626983722,104.056349186,133.262193309,112.605339059,107.919047558,113.847979746,123.262193309,123.847979746,135.491378029,160.398232278,149.29163056,92.941125497,142.134776311,150.226659403,153.884776311,86.5979797464,126.563708499,137.648232278]
frontiers: [975,696,717,633,341,706,700,779,286,612,369,255,859,494,313,360,490,1060,497,826,349,879,447,390,314,280,882,373,627,485,596,651,703,537,333,393,737,310,243,385,491,277,334,324,480,292,329,502,433,461]
explored: [7593,11285,11676,11785,4150,13106,11966,9932,3904,12273,4498,6589,5682,4941,8800,7760,4954,4966,5146,12887,7262,10487,5862,7974,130,15328,11634,9540,13130,15426,4605,2653,3819,8036,17908,8536,2870,9769,7979,9113,13236,18244,12674,6326,12731,15407,15167,4489,11892,14501]

Average Time: 0.566000008583 seconds
Average Cost: 114.274170235
Average Frontier: 516 cells
Average Explored: 9212 cells
Total Time: 28.3000004292 seconds
