[algo=a_star]-[weight=1_0]-[euclidean]

sources: [0-0.grid,0-1.grid,0-2.grid,0-3.grid,0-4.grid,0-5.grid,0-6.grid,0-7.grid,0-8.grid,0-9.grid,1-0.grid,1-1.grid,1-2.grid,1-3.grid,1-4.grid,1-5.grid,1-6.grid,1-7.grid,1-8.grid,1-9.grid,2-0.grid,2-1.grid,2-2.grid,2-3.grid,2-4.grid,2-5.grid,2-6.grid,2-7.grid,2-8.grid,2-9.grid,3-0.grid,3-1.grid,3-2.grid,3-3.grid,3-4.grid,3-5.grid,3-6.grid,3-7.grid,3-8.grid,3-9.grid,4-0.grid,4-1.grid,4-2.grid,4-3.grid,4-4.grid,4-5.grid,4-6.grid,4-7.grid,4-8.grid,4-9.grid]
times: [0.93799996376,1.04100012779,1.02199983597,1.0039999485,0.396999835968,1.06900000572,1.09500002861,0.954999923706,0.349999904633,1.12999987602,0.483999967575,0.638999938965,1.0119998455,0.576000213623,0.770999908447,0.822000026703,0.535000085831,0.559000015259,0.474999904633,1.06100010872,0.828999996185,0.924999952316,0.684000015259,0.732000112534,0.0620000362396,1.06900000572,0.977999925613,0.876999855042,1.00900006294,1.06100010872,0.68799996376,0.356999874115,0.426000118256,0.716000080109,1.16299986839,0.778000116348,0.578000068665,0.863999843597,0.682000160217,0.842000007629,1.02300000191,1.15100002289,0.949999809265,0.491000175476,0.922999858856,1.05500006676,0.988999843597,0.411000013351,0.888999938965,1.02500009537]
costs: [129.484018716,116.392135624,134.193542495,116.634776311,87.3626983722,124.941125497,116.634776311,115.316125497,75.4632034356,115.470562748,81.8994949366,103.066125497,114.778174593,84.938708499,117.526911935,113.062445841,100.002416998,85.6421356237,91.8994949366,121.55266953,108.558766184,110.995057685,112.29163056,113.634776311,38.0281745931,140.987698372,117.159271247,114.370057685,137.16663056,132.409271247,88.6923881554,96.1494949366,82.3626983722,103.470562748,130.191125497,112.605339059,104.634776311,113.847979746,123.262193309,123.847979746,135.162950904,160.234018716,149.29163056,91.3063491861,141.634776311,149.734018716,152.669047558,83.1494949366,126.183766184,137.319805153]
frontiers: [472,322,357,243,405,250,254,381,357,247,329,341,519,402,366,419,337,550,297,429,297,281,413,441,255,173,232,434,200,249,536,510,542,521,101,396,578,391,329,441,264,132,318,203,180,223,163,218,181,260]
explored: [15572,17348,17066,16590,6531,17647,17929,15800,5809,17163,7655,10301,15840,8946,11973,13143,8919,8718,7960,17777,13806,14794,11382,12137,954,17952,16368,14533,16863,17749,11363,5966,7032,11973,19317,12448,9067,13877,10229,13140,16577,18848,15857,8109,15432,17540,16517,6763,14859,16972]

Average Time: 0.803239989281 seconds
Average Cost: 113.552265479
Average Frontier: 334 cells
Average Explored: 13142 cells
Total Time: 40.161999464 seconds
