[algo=sequential_a_star]-[w1=4_0]-[w2=1_25]

sources: [0-0.grid,0-1.grid,0-2.grid,0-3.grid,0-4.grid,0-5.grid,0-6.grid,0-7.grid,0-8.grid,0-9.grid,1-0.grid,1-1.grid,1-2.grid,1-3.grid,1-4.grid,1-5.grid,1-6.grid,1-7.grid,1-8.grid,1-9.grid,2-0.grid,2-1.grid,2-2.grid,2-3.grid,2-4.grid,2-5.grid,2-6.grid,2-7.grid,2-8.grid,2-9.grid,3-0.grid,3-1.grid,3-2.grid,3-3.grid,3-4.grid,3-5.grid,3-6.grid,3-7.grid,3-8.grid,3-9.grid,4-0.grid,4-1.grid,4-2.grid,4-3.grid,4-4.grid,4-5.grid,4-6.grid,4-7.grid,4-8.grid,4-9.grid]
times: [0.0950000286102,0.0770001411438,0.101000070572,0.0799999237061,0.0650000572205,0.101000070572,0.197000026703,0.207999944687,0.200999975204,0.085000038147,0.0789999961853,0.069000005722,0.0950000286102,0.0889999866486,0.203999996185,0.0599999427795,0.0699999332428,0.0940001010895,0.0889999866486,0.244999885559,0.219000101089,0.262000083923,0.113000154495,0.0989999771118,0.18799996376,0.0940001010895,0.0810000896454,0.100000143051,0.212000131607,0.207000017166,0.212000131607,0.213000059128,0.0820000171661,0.0640001296997,0.22200012207,0.0629999637604,0.203999996185,0.208999872208,0.0670001506805,0.069000005722,0.208000183105,0.256000041962,0.0920000076294,0.0840001106262,0.213999986649,0.105999946594,0.0920000076294,0.0629999637604,0.0729999542236,0.0899999141693]
costs: [238.682286888,209.062229203,217.412734266,141.154328933,115.254833996,176.053823869,225.297510577,203.716666454,108.911688245,145.597979746,148.976659403,153.24011537,258.489898732,176.846717088,196.338095117,159.340620434,147.533008589,178.633513652,181.852813742,202.62720036,154.805086528,194.955627485,155.419047558,182.553823869,51.4595237792,205.155374953,195.991161391,191.089357775,229.361219076,218.569588515,179.181132548,193.073268172,138.180086528,120.911688245,194.470346111,123.562445841,199.156637612,120.562445841,134.047727215,143.018289963,215.676190233,249.853859763,165.367532368,135.225396744,158.367532368,164.805086528,169.781745931,122.012193309,132.355339059,206.464249456]
frontiers: [1630,1355,1617,904,790,1119,1474,1375,713,984,769,839,1581,1046,1104,616,856,1065,1137,1401,956,1370,1125,1070,775,1499,1389,1191,1567,1478,1307,1407,942,762,1497,803,1465,807,864,848,1400,1477,1102,795,1044,1168,1180,763,916,1377]
explored: [612,508,622,500,408,628,572,548,376,538,550,426,604,564,556,462,450,574,600,556,514,536,590,588,398,596,536,616,612,564,496,504,486,396,592,410,588,406,442,452,546,596,572,412,544,618,588,402,488,574,]

Average Time: 0.131240029335 seconds
Average Cost: 172.609114589
Average Frontier: 1134 cells
Average Explored: 526 cells
Total Time: 6.56200146675 seconds
