[algo=integrated_a_star]-[w1=1_25]-[w2=1_0]

sources: [0-0.grid,0-1.grid,0-2.grid,0-3.grid,0-4.grid,0-5.grid,0-6.grid,0-7.grid,0-8.grid,0-9.grid,1-0.grid,1-1.grid,1-2.grid,1-3.grid,1-4.grid,1-5.grid,1-6.grid,1-7.grid,1-8.grid,1-9.grid,2-0.grid,2-1.grid,2-2.grid,2-3.grid,2-4.grid,2-5.grid,2-6.grid,2-7.grid,2-8.grid,2-9.grid,3-0.grid,3-1.grid,3-2.grid,3-3.grid,3-4.grid,3-5.grid,3-6.grid,3-7.grid,3-8.grid,3-9.grid,4-0.grid,4-1.grid,4-2.grid,4-3.grid,4-4.grid,4-5.grid,4-6.grid,4-7.grid,4-8.grid,4-9.grid]
times: [33.4630000591,62.254999876,42.2799999714,44.5050001144,12.1289999485,42.0940001011,49.6970000267,37.3020000458,11.4149999619,66.0370001793,13.1589999199,15.7599999905,32.8920001984,19.5960001945,27.6640000343,23.1370000839,17.9359998703,7.84100008011,17.2039999962,49.7090001106,24.0290000439,39.8849999905,20.6000001431,26.1070001125,0.77899980545,50.2950000763,34.2589998245,21.506000042,39.0640001297,54.0590000153,21.111000061,8.86000013351,13.2490000725,20.0829999447,45.2449998856,21.6570000648,16.9990000725,22.5590000153,20.6879999638,24.8050000668,43.9500000477,46.2049999237,58.6970000267,16.4779999256,29.0810000896,37.4449999332,32.3629999161,17.3509998322,26.9200000763,42.6699998379]
costs: [152.387193309,147.676406871,159.816125497,145.670310217,101.048989873,143.366378029,143.46930009,132.659271247,87.813708499,124.29163056,90.5992424049,114.29163056,123.52081528,105.955844123,142.151911935,129.319805153,111.845562748,90.563708499,104.756096654,133.123737342,126.616378029,129.909271247,134.944805153,132.213203436,43.9816017178,177.176406871,143.855339059,126.362698372,162.933766184,153.590620434,98.341883092,111.048989873,93.4987373415,123.898232278,151.905591591,129.765872965,119.591883092,128.566125497,140.269552622,139.026911935,157.976659403,183.112698372,163.411688245,111.627416998,161.019552622,178.034271247,172.933766184,99.9632034356,141.634776311,158.954581464]
frontiers: [3917,2170,3080,2759,1905,2005,2802,2730,1730,2272,1637,1556,3108,2205,2113,1457,2330,2285,1954,3591,2080,2915,2210,2219,1075,1392,2000,2170,1976,1772,3133,2606,3059,1760,1325,1853,3244,1677,1601,1700,1845,1180,1972,1205,1985,1260,1479,1823,2156,1983]
explored: [8885,17109,11822,12946,3902,11798,14149,10617,3562,19090,4738,5478,9424,5838,8362,7058,5310,2406,5278,14539,7254,10794,6658,7666,233,15485,11834,7810,12358,16297,6098,2851,4214,6358,14413,7506,4990,7310,6826,7898,13382,14410,20992,5838,9926,12710,11470,6030,9330,13114]

Average Time: 30.0614800167 seconds
Average Cost: 131.609883079
Average Frontier: 2125 cells
Average Explored: 9287 cells
Total Time: 1503.07400084 seconds
