[algo=a_star]-[weight=1_25]-[euclidean]

sources: [0-0.grid,0-1.grid,0-2.grid,0-3.grid,0-4.grid,0-5.grid,0-6.grid,0-7.grid,0-8.grid,0-9.grid,1-0.grid,1-1.grid,1-2.grid,1-3.grid,1-4.grid,1-5.grid,1-6.grid,1-7.grid,1-8.grid,1-9.grid,2-0.grid,2-1.grid,2-2.grid,2-3.grid,2-4.grid,2-5.grid,2-6.grid,2-7.grid,2-8.grid,2-9.grid,3-0.grid,3-1.grid,3-2.grid,3-3.grid,3-4.grid,3-5.grid,3-6.grid,3-7.grid,3-8.grid,3-9.grid,4-0.grid,4-1.grid,4-2.grid,4-3.grid,4-4.grid,4-5.grid,4-6.grid,4-7.grid,4-8.grid,4-9.grid]
times: [0.864000082016,0.983999729156,0.963000059128,0.957000255585,0.34500002861,1.04399991035,1.08199977875,0.963000059128,0.320000171661,1.04500007629,0.447999954224,0.59299993515,0.883000135422,0.503999948502,0.677000045776,0.72200012207,0.500999927521,0.446000099182,0.457000017166,1.02200031281,0.748000144958,0.84700012207,0.608000040054,0.649999856949,0.0250000953674,1.07299995422,0.953000068665,0.783999919891,0.980000019073,1.04100012779,0.605000019073,0.27999997139,0.365000009537,0.631999969482,1.13899993896,0.667000055313,0.450000047684,0.74799990654,0.560000181198,0.699000120163,0.959999799728,1.15700006485,1.01300001144,0.473000049591,0.950999975204,1.04500007629,0.957000017166,0.37900018692,0.869999885559,0.995000123978]
costs: [129.484018716,116.556349186,134.193542495,116.634776311,87.3626983722,124.941125497,116.798989873,115.316125497,75.4632034356,115.470562748,81.8994949366,103.066125497,114.778174593,84.938708499,117.526911935,113.062445841,100.002416998,85.6421356237,91.8994949366,121.55266953,108.558766184,110.995057685,112.29163056,113.634776311,38.0281745931,140.987698372,117.159271247,114.370057685,137.16663056,132.409271247,88.6923881554,96.3063491861,82.3626983722,103.470562748,130.191125497,112.605339059,104.634776311,113.847979746,123.262193309,123.847979746,135.162950904,160.234018716,149.29163056,91.627416998,141.634776311,149.734018716,152.669047558,83.1494949366,126.183766184,137.319805153]
frontiers: [601,454,396,313,351,221,397,460,323,245,275,335,525,426,371,354,344,573,321,536,368,332,464,379,348,225,254,516,228,286,523,519,540,434,153,331,551,348,284,342,322,180,259,203,193,201,180,257,184,263]
explored: [13909,16281,16007,15799,5692,16886,17143,14599,5054,16404,6847,9234,14050,7972,10701,11292,8019,7219,7144,16454,12487,14122,9985,10743,311,17596,15926,12976,16351,17314,10007,4569,5969,10547,19009,11134,7422,12482,9404,11662,15941,18632,15037,7530,15017,17065,16119,6248,14472,16496]

Average Time: 0.749480028152 seconds
Average Cost: 113.568392463
Average Frontier: 349 cells
Average Explored: 12185 cells
Total Time: 37.4740014076 seconds
