[algo=sequential_a_star]-[w1=1_25]-[w2=1_25]

sources: [0-0.grid,0-1.grid,0-2.grid,0-3.grid,0-4.grid,0-5.grid,0-6.grid,0-7.grid,0-8.grid,0-9.grid,1-0.grid,1-1.grid,1-2.grid,1-3.grid,1-4.grid,1-5.grid,1-6.grid,1-7.grid,1-8.grid,1-9.grid,2-0.grid,2-1.grid,2-2.grid,2-3.grid,2-4.grid,2-5.grid,2-6.grid,2-7.grid,2-8.grid,2-9.grid,3-0.grid,3-1.grid,3-2.grid,3-3.grid,3-4.grid,3-5.grid,3-6.grid,3-7.grid,3-8.grid,3-9.grid,4-0.grid,4-1.grid,4-2.grid,4-3.grid,4-4.grid,4-5.grid,4-6.grid,4-7.grid,4-8.grid,4-9.grid]
times: [0.167000055313,0.198999881744,0.25,0.0799999237061,0.0650000572205,0.101000070572,0.168000221252,0.539000034332,0.0599999427795,0.0860002040863,0.0909998416901,0.623999834061,0.443000078201,0.12099981308,1.32099986076,0.933000087738,0.485000133514,0.18799996376,0.104999780655,0.101000070572,0.662000179291,0.109999895096,0.163000106812,0.161000013351,0.184000015259,0.24799990654,0.0980000495911,0.206000089645,0.164999961853,0.198999881744,0.0909998416901,0.430999994278,0.582000017166,0.0929999351501,0.240999937057,0.318000078201,0.427999973297,0.114000082016,0.186000108719,0.279000043869,0.546999931335,0.37299990654,0.0839998722076,0.15499997139,0.203000068665,0.235000133514,0.0880000591278,0.169999837875,0.201999902725,0.172000169754]
costs: [202.378463018,188.936074863,171.243686708,131.213203436,115.254833996,176.053823869,209.374783362,149.909162928,108.669047558,145.597979746,156.296464556,116.801406871,198.413996924,158.976659403,174.26093065,157.574639149,116.183766184,160.597979746,146.984018716,152.13708499,157.633513652,175.736327395,159.247474683,174.311183182,38.3602813742,200.059812205,180.171356237,184.225396744,215.634559673,198.214249456,162.036579926,121.5427849,131.079581464,117.390872965,164.236327395,118.265872965,184.214249456,115.355339059,127.972979746,128.336940777,159.182503526,203.454473145,165.367532368,122.876154339,148.426406871,160.061183182,157.355339059,121.568542495,132.355339059,148.195959493]
frontiers: [1387,1417,1399,878,783,1102,1340,1568,697,909,705,1534,1892,857,1706,870,1182,1107,1089,1412,877,1203,1343,852,725,1594,1350,1255,1791,1590,1225,1658,1133,844,1354,872,1905,834,775,916,1286,1691,1063,826,1003,1118,1080,778,915,1291]
explored: [990,1124,1362,502,408,632,932,2306,380,538,636,2390,1580,734,4079,3588,2186,1070,658,648,3047,704,946,1000,432,748,628,1183,960,1172,560,1538,2554,587,644,1018,1512,690,1110,970,2034,1762,580,951,554,644,598,984,488,946,]

Average Time: 0.266299996376 seconds
Average Cost: 154.194542469
Average Frontier: 1179 cells
Average Explored: 1165 cells
Total Time: 13.3149998188 seconds
