[algo=integrated_a_star]-[w1=2_0]-[w2=1_25]

sources: [0-0.grid,0-1.grid,0-2.grid,0-3.grid,0-4.grid,0-5.grid,0-6.grid,0-7.grid,0-8.grid,0-9.grid,1-0.grid,1-1.grid,1-2.grid,1-3.grid,1-4.grid,1-5.grid,1-6.grid,1-7.grid,1-8.grid,1-9.grid,2-0.grid,2-1.grid,2-2.grid,2-3.grid,2-4.grid,2-5.grid,2-6.grid,2-7.grid,2-8.grid,2-9.grid,3-0.grid,3-1.grid,3-2.grid,3-3.grid,3-4.grid,3-5.grid,3-6.grid,3-7.grid,3-8.grid,3-9.grid,4-0.grid,4-1.grid,4-2.grid,4-3.grid,4-4.grid,4-5.grid,4-6.grid,4-7.grid,4-8.grid,4-9.grid]
times: [27.0850000381,28.2369999886,29.2409999371,17.2369999886,7.21599984169,25.3629999161,34.6610000134,20.4900000095,7.21799993515,23.4169998169,8.52399992943,12.1689999104,24.3989999294,13.138999939,16.8059999943,13.1919999123,8.95399999619,3.875,10.9460000992,37.2520000935,13.7090001106,16.8259999752,12.5850000381,13.4099998474,1.63899993896,37.1919999123,20.8090000153,17.993999958,29.5320000648,36.5320000648,17.2209999561,9.08699989319,7.22500014305,11.0850000381,55.5519998074,13.256000042,12.5810000896,14.1840000153,14.2860000134,13.7170000076,31.7300000191,43.0829999447,17.6570000648,15.5220000744,20.0150001049,22.4590001106,19.9819998741,9.84099984169,14.4889998436,36.0399999619]
costs: [174.768289963,152.74011537,174.232756057,141.355339059,96.7916305603,166.36511537,171.404328933,133.269552622,86.2132034356,151.747474683,90.627416998,114.84430009,161.086940777,102.159271247,138.355339059,131.215620434,112.202164466,94.0489898732,107.780591591,159.01093065,126.176406871,135.004833996,139.954581464,129.840620434,65.9987373415,183.51093065,141.251154339,128.058766184,171.447222151,172.404328933,126.062445841,123.754833996,97.7413780286,125.222979746,167.086940777,125.008513652,142.297727215,123.269552622,134.601659403,133.661688245,179.124891681,195.389610307,163.597979746,123.426406871,153.683766184,175.811183182,166.340620434,102.855339059,137.362698372,169.318542495]
frontiers: [4410,3980,3048,2147,1500,2468,3507,3801,1510,2034,1755,1209,4092,2675,1682,1241,2355,1982,2123,3404,1482,3908,2145,1536,1072,2174,3944,1788,4737,2191,3040,2983,2307,1285,2602,1450,5111,1331,1222,1527,3249,1689,1886,1200,1886,1983,1852,2366,1735,2441]
explored: [7986,8578,9206,6097,2636,8549,10590,6202,2575,8106,2865,4118,7112,4460,5678,4630,3166,1402,3543,12032,4706,5249,4602,4686,605,11457,6306,6030,8873,11373,5354,3115,2393,3950,16882,4766,3953,5014,5057,4898,10258,13294,6210,5368,7045,7562,6990,3390,5081,11138]

Average Time: 19.3732199812 seconds
Average Cost: 138.389714229
Average Frontier: 2380 cells
Average Explored: 6302 cells
Total Time: 968.66099906 seconds
