[algo=integrated_a_star]-[w1=1_0]-[w2=1_25]

sources: [0-0.grid,0-1.grid,0-2.grid,0-3.grid,0-4.grid,0-5.grid,0-6.grid,0-7.grid,0-8.grid,0-9.grid,1-0.grid,1-1.grid,1-2.grid,1-3.grid,1-4.grid,1-5.grid,1-6.grid,1-7.grid,1-8.grid,1-9.grid,2-0.grid,2-1.grid,2-2.grid,2-3.grid,2-4.grid,2-5.grid,2-6.grid,2-7.grid,2-8.grid,2-9.grid,3-0.grid,3-1.grid,3-2.grid,3-3.grid,3-4.grid,3-5.grid,3-6.grid,3-7.grid,3-8.grid,3-9.grid,4-0.grid,4-1.grid,4-2.grid,4-3.grid,4-4.grid,4-5.grid,4-6.grid,4-7.grid,4-8.grid,4-9.grid]
times: [34.8269999027,61.0480000973,41.5929999352,35.1119999886,11.135999918,43.1440000534,46.0850000381,35.1919999123,10.9560000896,66.8550000191,13.9869999886,16.9320001602,29.9479999542,29.5960001945,19.8770000935,22.2860000134,14.9040000439,9.22299981117,13.4279999733,46.7920000553,23.0070002079,36.0390000343,18.4029998779,22.1740000248,0.973000049591,52.1139998436,41.6229999065,27.376999855,37.2849998474,40.4230000973,23.8429999352,10.3020000458,11.5150001049,20.6180000305,42.1610000134,25.5119998455,19.5539999008,28.8329999447,21.5520000458,28.5199999809,39.6690001488,44.6150000095,28.5750000477,16.9719998837,29.7429997921,36.3680000305,33.4300000668,13.5870001316,27.9700000286,36.0090000629]
costs: [153.347979746,151.226659403,167.640872965,132.54163056,99.8063491861,142.859018716,143.912950904,133.377416998,87.7279220614,138.002416998,89.5208152802,116.213203436,126.892135624,100.806349186,134.484018716,132.351659403,109.295310217,92.5489898732,107.142135624,149.006096654,133.912950904,136.002416998,129.002416998,132.377416998,38.8566017178,167.773232278,134.827164466,126.659271247,154.194805153,162.534271247,99.4779220614,112.54163056,96.6347763109,124.877416998,153.023232278,131.784271247,117.213203436,130.944805153,142.019552622,144.29163056,158.090620434,182.687445841,170.597979746,112.705844123,165.362698372,177.926406871,180.590620434,102.384776311,145.784271247,161.776911935]
frontiers: [3600,2508,2497,2514,1770,1480,2053,3071,2045,2108,1645,1937,3232,2375,1771,1910,2530,3280,1835,3237,2220,1990,3140,2265,1450,1682,1953,2625,1766,1625,3401,2745,2637,2316,755,2215,3241,1795,1805,1979,2132,1307,1741,1125,1345,1286,1185,1400,1590,1436]
explored: [10533,18825,12997,11314,3858,13020,14137,11525,4012,21198,5102,6462,9817,10762,7462,8514,5706,3526,5374,16781,8746,11590,7374,8514,377,18541,13390,9578,12586,13677,7726,3818,4440,7862,15141,9037,5982,9314,7424,9284,12854,17000,10990,6402,11398,13282,12298,5122,10698,13266]

Average Time: 28.8337400007 seconds
Average Cost: 132.711209922
Average Frontier: 2111 cells
Average Explored: 9972 cells
Total Time: 1441.68700004 seconds
