[algo=sequential_a_star]-[w1=1_25]-[w2=4_0]

sources: [0-0.grid,0-1.grid,0-2.grid,0-3.grid,0-4.grid,0-5.grid,0-6.grid,0-7.grid,0-8.grid,0-9.grid,1-0.grid,1-1.grid,1-2.grid,1-3.grid,1-4.grid,1-5.grid,1-6.grid,1-7.grid,1-8.grid,1-9.grid,2-0.grid,2-1.grid,2-2.grid,2-3.grid,2-4.grid,2-5.grid,2-6.grid,2-7.grid,2-8.grid,2-9.grid,3-0.grid,3-1.grid,3-2.grid,3-3.grid,3-4.grid,3-5.grid,3-6.grid,3-7.grid,3-8.grid,3-9.grid,4-0.grid,4-1.grid,4-2.grid,4-3.grid,4-4.grid,4-5.grid,4-6.grid,4-7.grid,4-8.grid,4-9.grid]
times: [0.173000097275,0.146000146866,0.368999958038,0.0829999446869,0.0649998188019,0.101000070572,0.156000137329,0.648000001907,0.0629999637604,0.208999872208,0.0900001525879,0.763000011444,0.331000089645,0.121999979019,1.49099993706,0.962999820709,0.459999799728,0.194000005722,0.102999925613,0.102999925613,0.598000049591,0.115000009537,0.15900015831,0.157999992371,0.166000127792,0.243999958038,0.242000102997,0.367999792099,0.310000181198,0.335000038147,0.0889999866486,0.292000055313,0.555000066757,0.0869998931885,0.230000019073,0.336999893188,0.429000139236,0.253999948502,0.188999891281,0.171999931335,0.573999881744,0.399000167847,0.0929999351501,0.200999975204,0.200999975204,0.243000030518,0.0899999141693,0.148000001907,0.221999883652,0.162999868393]
costs: [202.378463018,188.521861301,171.243686708,131.213203436,115.254833996,176.053823869,209.374783362,149.909162928,102.04163056,145.597979746,156.296464556,118.558766184,198.413996924,158.976659403,168.561183182,157.574639149,116.183766184,160.597979746,146.984018716,152.13708499,161.604076401,175.736327395,149.21930009,174.311183182,38.3602813742,200.059812205,180.171356237,183.432503526,215.634559673,198.214249456,162.036579926,121.5427849,131.079581464,117.769552622,164.236327395,118.472979746,184.214249456,115.355339059,127.972979746,128.336940777,159.182503526,203.454473145,152.941125497,120.840620434,148.426406871,160.061183182,157.355339059,121.568542495,132.355339059,148.195959493]
frontiers: [1343,1089,1406,879,783,1094,1327,1537,691,897,686,1794,1890,901,1726,883,1174,1063,1063,1434,894,1200,1340,750,722,1594,1346,1345,1791,1586,1206,1534,1106,785,1333,928,1884,813,770,951,1294,1679,1087,854,1012,1122,1081,777,915,1154]
explored: [990,892,1362,502,408,632,932,2306,382,538,636,2978,1580,734,4503,3588,2186,1070,658,648,2780,704,946,1000,432,748,628,1171,960,1172,560,1538,2554,579,644,1126,1512,694,1110,970,2034,1762,594,1118,554,644,598,912,488,946,]

Average Time: 0.28591999054 seconds
Average Cost: 153.560328907
Average Frontier: 1170 cells
Average Explored: 1180 cells
Total Time: 14.295999527 seconds
