[algo=integrated_a_star]-[w1=4_0]-[w2=2_0]

sources: [0-0.grid,0-1.grid,0-2.grid,0-3.grid,0-4.grid,0-5.grid,0-6.grid,0-7.grid,0-8.grid,0-9.grid,1-0.grid,1-1.grid,1-2.grid,1-3.grid,1-4.grid,1-5.grid,1-6.grid,1-7.grid,1-8.grid,1-9.grid,2-0.grid,2-1.grid,2-2.grid,2-3.grid,2-4.grid,2-5.grid,2-6.grid,2-7.grid,2-8.grid,2-9.grid,3-0.grid,3-1.grid,3-2.grid,3-3.grid,3-4.grid,3-5.grid,3-6.grid,3-7.grid,3-8.grid,3-9.grid,4-0.grid,4-1.grid,4-2.grid,4-3.grid,4-4.grid,4-5.grid,4-6.grid,4-7.grid,4-8.grid,4-9.grid]
times: [0.0379998683929,0.0299999713898,0.0329999923706,0.0450000762939,0.0369999408722,0.0789999961853,0.0389997959137,0.0299999713898,0.0320000648499,0.0569999217987,0.0590000152588,0.0720000267029,0.0329999923706,0.0460000038147,0.0569999217987,0.0540001392365,0.0870001316071,0.105000019073,0.055999994278,0.0269999504089,0.066999912262,0.0380001068115,0.0859999656677,0.12700009346,0.0189998149872,0.0899999141693,0.0369999408722,0.0759999752045,0.0829999446869,0.0379998683929,0.029000043869,0.0249998569489,0.112999916077,0.0380001068115,0.0350000858307,0.055999994278,0.0309998989105,0.0499999523163,0.0980000495911,0.0670001506805,0.0529999732971,0.0609998703003,0.069000005722,0.0719997882843,0.0699999332428,0.0629999637604,0.055999994278,0.0699999332428,0.0529999732971,0.0599999427795]
costs: [199.70941546,198.410317268,209.796356237,137.433766184,114.769552622,175.811183182,182.732647738,198.054978209,108.504833996,153.661688245,157.26093065,164.76093065,188.972871427,105.19848481,193.610173055,166.706998462,162.367532368,183.160425587,181.195959493,157.265764646,163.404328933,187.145706961,182.354076401,177.175144213,54.5845237792,223.953318806,182.546464556,149.040367902,222.966774773,187.242532368,99.8761543395,191.931132548,176.780483272,121.336940777,164.475396744,135.882250994,155.759667992,134.189862838,140.210678119,142.811183182,160.968037432,186.195959493,166.539105243,131.018289963,156.061183182,159.232756057,169.882250994,129.189862838,133.183766184,180.968037432]
frontiers: [935,1084,976,630,562,755,1064,853,505,592,422,617,965,550,804,379,633,785,809,890,584,863,782,729,352,967,842,873,1050,825,772,1063,769,536,819,578,837,589,598,582,632,922,749,552,700,700,802,539,577,904]
explored: [255,203,190,311,275,661,269,172,234,467,531,670,203,317,461,553,838,909,476,168,698,257,665,616,99,734,239,630,648,255,190,144,1055,301,218,468,188,416,841,610,455,370,663,676,653,502,495,636,447,439]

Average Time: 0.0569199752808 seconds
Average Cost: 162.125820972
Average Frontier: 737 cells
Average Explored: 455 cells
Total Time: 2.84599876404 seconds
