[algo=integrated_a_star]-[w1=4_0]-[w2=1_25]

sources: [0-0.grid,0-1.grid,0-2.grid,0-3.grid,0-4.grid,0-5.grid,0-6.grid,0-7.grid,0-8.grid,0-9.grid,1-0.grid,1-1.grid,1-2.grid,1-3.grid,1-4.grid,1-5.grid,1-6.grid,1-7.grid,1-8.grid,1-9.grid,2-0.grid,2-1.grid,2-2.grid,2-3.grid,2-4.grid,2-5.grid,2-6.grid,2-7.grid,2-8.grid,2-9.grid,3-0.grid,3-1.grid,3-2.grid,3-3.grid,3-4.grid,3-5.grid,3-6.grid,3-7.grid,3-8.grid,3-9.grid,4-0.grid,4-1.grid,4-2.grid,4-3.grid,4-4.grid,4-5.grid,4-6.grid,4-7.grid,4-8.grid,4-9.grid]
times: [0.0729999542236,0.0270001888275,0.105999946594,0.0989999771118,0.0610001087189,0.141999959946,0.0319998264313,0.0810000896454,0.0810000896454,0.085000038147,0.0759999752045,0.12299990654,0.0980000495911,0.0650000572205,0.166000127792,0.136000156403,0.125999927521,0.148999929428,0.124000072479,0.0260000228882,0.126000165939,0.0729999542236,0.0989999771118,0.102999925613,0.0179998874664,0.200000047684,0.0869998931885,0.12700009346,0.272000074387,0.0599999427795,0.0299999713898,0.0289998054504,0.134999990463,0.0609998703003,0.0940001010895,0.191999912262,0.0379998683929,0.170000076294,0.0950000286102,0.167000055313,0.0940001010895,0.143000125885,0.118000030518,0.110000133514,0.102999925613,0.105000019073,0.160000085831,0.0900001525879,0.0620000362396,0.241999864578]
costs: [199.952056147,188.796356237,206.55371555,138.504833996,116.183766184,178.639610307,177.961832458,133.606493399,90.1837661841,156.811183182,158.189862838,123.343037432,178.278066274,100.920310217,164.395706961,155.520706961,118.575901808,102.069805153,177.374891681,154.416522241,163.925144213,157.171464556,139.49011537,177.968037432,41.5992424049,163.139610307,180.410425587,151.564862838,166.343037432,147.800144213,89.6850288425,117.796464556,131.218037432,122.751154339,163.025649276,134.996212025,143.803823869,131.682503526,137.585678119,141.296464556,161.289105243,182.830735804,165.468037432,129.39696962,156.303823869,159.818542495,169.475396744,125.568542495,132.355339059,172.99011537]
frontiers: [564,569,651,387,354,429,585,640,363,295,251,435,682,434,490,287,436,476,377,446,330,569,489,423,219,779,629,549,790,644,426,444,445,288,669,393,503,357,347,387,469,656,379,327,370,383,515,286,357,704]
explored: [643,190,880,813,531,1344,239,720,735,846,735,1086,804,539,1619,1416,1273,1421,1242,176,1279,626,850,968,99,1860,734,1135,2288,472,216,195,1277,593,749,1882,289,1582,938,1633,893,1229,1245,1093,1055,969,1384,835,586,2067]

Average Time: 0.105580010414 seconds
Average Cost: 147.580562685
Average Frontier: 465 cells
Average Explored: 965 cells
Total Time: 5.27900052071 seconds
