[algo=integrated_a_star]-[w1=1_0]-[w2=4_0]

sources: [0-0.grid,0-1.grid,0-2.grid,0-3.grid,0-4.grid,0-5.grid,0-6.grid,0-7.grid,0-8.grid,0-9.grid,1-0.grid,1-1.grid,1-2.grid,1-3.grid,1-4.grid,1-5.grid,1-6.grid,1-7.grid,1-8.grid,1-9.grid,2-0.grid,2-1.grid,2-2.grid,2-3.grid,2-4.grid,2-5.grid,2-6.grid,2-7.grid,2-8.grid,2-9.grid,3-0.grid,3-1.grid,3-2.grid,3-3.grid,3-4.grid,3-5.grid,3-6.grid,3-7.grid,3-8.grid,3-9.grid,4-0.grid,4-1.grid,4-2.grid,4-3.grid,4-4.grid,4-5.grid,4-6.grid,4-7.grid,4-8.grid,4-9.grid]
times: [34.3090000153,40.9220001698,38.5280001163,33.9789998531,10.876999855,36.5169999599,41.2170000076,35.385999918,9.94200015068,38.2860000134,14.3959999084,19.6570000648,36.1789999008,16.6530001163,23.010999918,22.013999939,19.7250001431,12.0269999504,16.0989999771,38.995000124,24.5499999523,34.0699999332,21.3570001125,24.4490001202,1.04399991035,46.5280001163,41.871999979,32.25,43.239000082,46.3709998131,25.121999979,14.9309999943,13.2550001144,28.2020001411,52.5409998894,31.1879999638,21.0209999084,26.7740001678,20.871999979,29.4419999123,44.0160000324,48.9089999199,36.4219999313,20.0559999943,37.6059999466,43.3399999142,38.8650000095,15.5259997845,34.013999939,43.3380000591]
costs: [150.862698372,151.762193309,164.519552622,138.245057685,104.142135624,142.634776311,148.790367902,141.480339059,89.8994949366,138.870057685,89.7708152802,113.412950904,129.013455967,97.8455627485,139.702164466,126.737698372,109.756096654,97.7634559673,104.756096654,146.498737342,123.370057685,130.170310217,131.577164466,131.577164466,38.8566017178,177.640872965,132.120057685,124.120057685,164.506096654,154.359018716,96.4779220614,117.991378029,91.877416998,122.631096654,151.612698372,132.29163056,118.580844123,129.026911935,140.616378029,141.933766184,159.648232278,194.194805153,170.19848481,114.776911935,163.933766184,171.784271247,172.862698372,98.2132034356,145.284271247,154.433766184]
frontiers: [3796,2222,2298,2551,2191,2196,2381,2697,1900,2321,1630,1895,2941,1996,2040,1530,2370,3121,1798,3137,2430,2495,3275,2270,1380,1134,1990,2630,1636,1683,3436,3233,2791,2600,1037,2231,3231,1950,1591,2076,1675,1185,1676,1186,1225,1380,1292,1525,1415,1903]
explored: [10441,13382,12898,11538,4214,11882,13534,12045,3882,11782,5030,6018,10333,5702,8050,7638,6128,3734,5454,12481,8378,10946,7578,8606,365,14421,11946,9450,13102,13421,7046,4474,4057,8501,15041,9422,6150,8918,6926,9122,13178,14893,11150,6314,11430,13350,12114,4958,10994,12978]

Average Time: 29.597779994 seconds
Average Cost: 132.462631278
Average Frontier: 2131 cells
Average Explored: 9307 cells
Total Time: 1479.8889997 seconds
