[algo=a_star]-[weight=1_25]-[approx_distance]

sources: [0-0.grid,0-1.grid,0-2.grid,0-3.grid,0-4.grid,0-5.grid,0-6.grid,0-7.grid,0-8.grid,0-9.grid,1-0.grid,1-1.grid,1-2.grid,1-3.grid,1-4.grid,1-5.grid,1-6.grid,1-7.grid,1-8.grid,1-9.grid,2-0.grid,2-1.grid,2-2.grid,2-3.grid,2-4.grid,2-5.grid,2-6.grid,2-7.grid,2-8.grid,2-9.grid,3-0.grid,3-1.grid,3-2.grid,3-3.grid,3-4.grid,3-5.grid,3-6.grid,3-7.grid,3-8.grid,3-9.grid,4-0.grid,4-1.grid,4-2.grid,4-3.grid,4-4.grid,4-5.grid,4-6.grid,4-7.grid,4-8.grid,4-9.grid]
times: [0.819000005722,0.993000030518,0.966000080109,0.963000059128,0.351999998093,1.03900003433,1.08200025558,0.920000076294,0.328000068665,1.02900004387,0.434000015259,0.596999883652,0.950999975204,0.493000030518,0.651999950409,0.682000160217,0.503999948502,0.448000192642,0.424999952316,1.0110001564,0.767000198364,0.866999864578,0.617000102997,0.671999931335,0.0279998779297,1.07499980927,0.993000030518,0.779000043869,0.998999834061,1.117000103,0.633999824524,0.28400015831,0.384000062943,0.673000097275,1.19699978828,0.698000192642,0.459999799728,0.825999975204,0.588999986649,0.705000162125,0.983999967575,1.14899992943,0.90700006485,0.473999977112,0.901999950409,1.03399991989,0.97000002861,0.378999948502,0.881999969482,1.05100011826]
costs: [129.484018716,116.556349186,134.193542495,116.634776311,87.3626983722,125.433766184,116.798989873,115.316125497,75.4632034356,115.634776311,82.063708499,103.066125497,114.778174593,84.938708499,117.526911935,113.062445841,100.002416998,85.6421356237,91.8994949366,121.55266953,108.558766184,110.995057685,112.29163056,113.634776311,38.0281745931,140.987698372,117.159271247,114.370057685,137.16663056,132.409271247,88.6923881554,96.1494949366,82.3626983722,103.470562748,130.191125497,112.605339059,104.634776311,113.847979746,123.262193309,123.847979746,135.162950904,160.234018716,149.29163056,91.627416998,141.634776311,149.734018716,152.669047558,83.1494949366,126.183766184,137.319805153]
frontiers: [628,471,420,311,354,232,420,456,340,269,263,317,518,357,334,356,344,593,326,553,349,365,451,375,358,227,258,491,236,297,504,508,539,435,153,340,570,354,301,344,313,186,255,194,196,203,185,256,165,275]
explored: [13476,16096,15921,15662,5710,16692,16964,14540,5013,16215,6740,9149,13873,7817,10645,11058,8054,7127,6989,16271,12537,14004,9970,10707,346,17499,15788,12762,16252,17305,9726,4388,5876,10474,18883,11066,7212,12418,9406,11641,15720,18637,14968,7525,15056,17011,16159,6228,14544,16506]

Average Time: 0.755680012703 seconds
Average Cost: 113.581676734
Average Frontier: 350 cells
Average Explored: 12092 cells
Total Time: 37.7840006351 seconds
