[algo=a_star]-[weight=1_25]-[approx_euclidean]

sources: [0-0.grid,0-1.grid,0-2.grid,0-3.grid,0-4.grid,0-5.grid,0-6.grid,0-7.grid,0-8.grid,0-9.grid,1-0.grid,1-1.grid,1-2.grid,1-3.grid,1-4.grid,1-5.grid,1-6.grid,1-7.grid,1-8.grid,1-9.grid,2-0.grid,2-1.grid,2-2.grid,2-3.grid,2-4.grid,2-5.grid,2-6.grid,2-7.grid,2-8.grid,2-9.grid,3-0.grid,3-1.grid,3-2.grid,3-3.grid,3-4.grid,3-5.grid,3-6.grid,3-7.grid,3-8.grid,3-9.grid,4-0.grid,4-1.grid,4-2.grid,4-3.grid,4-4.grid,4-5.grid,4-6.grid,4-7.grid,4-8.grid,4-9.grid]
times: [0.840000152588,0.993999958038,1.0150001049,1.00199985504,0.370000123978,1.09200024605,1.07099986076,0.894000053406,0.325999975204,1.00600004196,0.416000127792,0.574999809265,0.863000154495,0.481999874115,0.645000219345,0.677000045776,0.49799990654,0.449000120163,0.430000066757,1.14800000191,0.791999816895,1.14499998093,0.667999982834,0.680999994278,0.0299999713898,1.07999992371,0.996999979019,0.880000114441,1.03699994087,1.09300017357,0.607000112534,0.269999980927,0.371999979019,0.664000034332,1.14599990845,0.686999797821,0.460000038147,0.779000043869,0.563999891281,0.706000089645,0.948999881744,1.1280002594,0.894000053406,0.458000183105,0.904000043869,1.0649998188,1.00699996948,0.401000022888,0.90900015831,1.02999997139]
costs: [129.484018716,116.556349186,134.193542495,116.634776311,87.3626983722,124.941125497,116.798989873,115.316125497,75.4632034356,115.470562748,81.8994949366,103.066125497,114.778174593,84.938708499,117.526911935,113.062445841,100.002416998,85.6421356237,91.8994949366,121.55266953,108.558766184,110.995057685,112.29163056,113.634776311,38.0281745931,140.987698372,117.159271247,114.370057685,137.16663056,132.409271247,88.6923881554,96.3063491861,82.3626983722,103.470562748,130.191125497,112.605339059,104.634776311,113.847979746,123.262193309,123.847979746,135.162950904,160.234018716,149.29163056,91.3063491861,141.634776311,149.734018716,152.669047558,83.1494949366,126.183766184,137.319805153]
frontiers: [639,460,417,310,373,232,409,462,339,256,273,320,529,360,364,354,342,575,329,544,351,354,440,373,346,212,249,496,237,286,523,520,542,453,165,337,559,372,317,371,321,172,261,204,198,205,184,261,163,276]
explored: [13782,16329,16145,15811,5713,16880,17175,14715,5064,16336,6791,9252,14193,7900,10760,11209,8137,7262,7116,16687,12661,14131,10086,10780,374,17610,15917,12931,16397,17445,10008,4411,5871,10589,19112,11223,7435,12586,9465,11738,15854,18732,15021,7614,15024,17050,16154,6291,14496,16558]

Average Time: 0.763920016289 seconds
Average Cost: 113.561971106
Average Frontier: 352 cells
Average Explored: 12216 cells
Total Time: 38.1960008144 seconds
