[algo=integrated_a_star]-[w1=1_0]-[w2=2_0]

sources: [0-0.grid,0-1.grid,0-2.grid,0-3.grid,0-4.grid,0-5.grid,0-6.grid,0-7.grid,0-8.grid,0-9.grid,1-0.grid,1-1.grid,1-2.grid,1-3.grid,1-4.grid,1-5.grid,1-6.grid,1-7.grid,1-8.grid,1-9.grid,2-0.grid,2-1.grid,2-2.grid,2-3.grid,2-4.grid,2-5.grid,2-6.grid,2-7.grid,2-8.grid,2-9.grid,3-0.grid,3-1.grid,3-2.grid,3-3.grid,3-4.grid,3-5.grid,3-6.grid,3-7.grid,3-8.grid,3-9.grid,4-0.grid,4-1.grid,4-2.grid,4-3.grid,4-4.grid,4-5.grid,4-6.grid,4-7.grid,4-8.grid,4-9.grid]
times: [0.233000040054,0.569999933243,0.456000089645,0.276000022888,0.292999982834,0.785000085831,0.588999986649,0.303999900818,0.154000043869,0.529000043869,0.208999872208,0.34099984169,1.31100010872,0.158999919891,0.642000198364,0.493000030518,0.376000165939,0.266999959946,0.162999868393,0.408999919891,0.25,0.626999855042,0.22000002861,0.262000083923,0.0320000648499,0.546000003815,2.47000002861,0.415999889374,0.763000011444,1.94400000572,0.215000152588,0.267999887466,0.201999902725,0.186999797821,0.680000066757,0.490000009537,0.270999908447,0.557999849319,0.289000034332,0.417000055313,0.684000015259,1.00400018692,0.302999973297,0.398000001907,0.305000066757,0.299999952316,0.453999996185,0.256000041962,0.253000020981,1.6210000515]
costs: [195.445959493,148.861435714,169.539105243,137.04163056,98.9705627485,157.870057685,163.910425587,135.833261121,94.4705627485,139.112698372,97.4987373415,118.347979746,171.89696962,98.3345237792,141.747474683,130.265872965,115.887193309,96.7487373415,101.627416998,153.574639149,126.915367902,155.055086528,127.194805153,134.919047558,46.3639610307,152.312445841,166.331998462,128.769552622,153.612698372,171.863852712,117.200901808,129.525649276,103.112698372,120.401911935,146.547727215,125.376154339,170.210678119,128.476659403,136.305086528,135.515872965,150.862698372,167.226659403,158.284271247,125.669047558,148.034271247,161.519552622,161.276911935,124.21930009,132.463203436,147.247474683]
frontiers: [3307,2957,3792,1590,1941,3031,2666,3078,1664,2322,1260,1618,4340,1368,2393,1722,2235,2057,1945,2707,1856,3776,2180,2290,622,3342,7936,2492,3974,2673,2830,3339,1934,1480,4230,1611,2535,1683,1668,1386,2736,3520,1696,2167,1752,1784,1701,1323,1540,3498]
explored: [1101,2570,1939,1744,1545,2765,2808,1888,1050,2272,1089,1589,3069,889,2686,1994,1975,1733,704,1237,1802,2930,1340,1217,173,3309,4808,1737,3441,3742,888,1384,1629,986,1652,2341,1578,2746,1665,2194,2152,3197,1740,1921,1920,1957,2444,1649,1789,4557]

Average Time: 0.504879999161 seconds
Average Cost: 136.396015819
Average Frontier: 2470 cells
Average Explored: 2030 cells
Total Time: 25.243999958 seconds
