[algo=sequential_a_star]-[w1=1_0]-[w2=1_25]

sources: [0-0.grid,0-1.grid,0-2.grid,0-3.grid,0-4.grid,0-5.grid,0-6.grid,0-7.grid,0-8.grid,0-9.grid,1-0.grid,1-1.grid,1-2.grid,1-3.grid,1-4.grid,1-5.grid,1-6.grid,1-7.grid,1-8.grid,1-9.grid,2-0.grid,2-1.grid,2-2.grid,2-3.grid,2-4.grid,2-5.grid,2-6.grid,2-7.grid,2-8.grid,2-9.grid,3-0.grid,3-1.grid,3-2.grid,3-3.grid,3-4.grid,3-5.grid,3-6.grid,3-7.grid,3-8.grid,3-9.grid,4-0.grid,4-1.grid,4-2.grid,4-3.grid,4-4.grid,4-5.grid,4-6.grid,4-7.grid,4-8.grid,4-9.grid]
times: [14.8910000324,17.6380000114,3.65300011635,7.65799999237,5.02900004387,13.8559999466,13.8450000286,2.85899996758,3.58999991417,15.4790000916,11.6559998989,16.1089999676,10.6000001431,8.26699995995,44.2330000401,46.2590000629,11.0639998913,9.50899982452,14.1770000458,3.12099981308,13.7440001965,5.59699988365,7.84200000763,9.73199987411,1.13000011444,8.90100002289,6.45499992371,6.05099987984,15.0260000229,11.760999918,2.6970000267,5.8630001545,9.38499999046,8.26899981499,11.0069999695,18.5679998398,7.30800008774,24.0190000534,15.5570001602,23.4500000477,7.98300004005,20.3389999866,10.2630000114,11.1749999523,10.9229998589,17.9630000591,12.1420001984,16.756000042,5.30799984932,45.8819999695]
costs: [184.545201898,147.868795027,152.325901808,131.970562748,107.470562748,165.127416998,140.722979746,128.183766184,100.720562748,144.705844123,145.94848481,113.512193309,183.140872965,100.998737342,155.055086528,143.783008589,108.866378029,99.7769119346,148.19848481,149.926406871,136.711940777,126.222979746,122.155591591,130.726659403,38.0281745931,147.32348481,133.493795027,119.441125497,156.127416998,155.040367902,90.9705627485,109.061183182,106.120057685,117.691125497,157.590620434,117.370057685,146.024386618,118.933766184,130.204581464,127.676406871,148.94848481,173.355339059,152.120057685,117.840620434,142.627416998,164.933766184,156.370057685,119.426406871,126.892135624,147.947222151]
frontiers: [2766,1916,1596,1324,1175,1713,2231,1324,1016,1224,1308,1633,2338,1610,1687,1329,1134,1474,2178,1500,1200,1891,1753,1626,712,2560,1986,1556,2907,2569,1319,876,1062,1161,2403,1429,1479,1564,1527,1225,1947,2605,1417,971,1291,1347,1669,1264,1181,2341]
explored: [4995,5460,1384,2444,1912,4264,4864,988,1332,4904,4324,4932,3804,2704,12630,14371,4192,3015,4888,1100,4738,2037,2695,3534,425,2864,2452,2058,4916,3901,1022,2046,3494,2892,3672,6088,2774,7072,5696,7004,3124,5808,4092,3480,4074,5408,4596,5136,2220,11342]

Average Time: 12.891779995 seconds
Average Cost: 133.804479029
Average Frontier: 1626 cells
Average Explored: 4183 cells
Total Time: 644.588999748 seconds
