[algo=a_star]-[weight=2_0]-[approx_distance]

sources: [0-0.grid,0-1.grid,0-2.grid,0-3.grid,0-4.grid,0-5.grid,0-6.grid,0-7.grid,0-8.grid,0-9.grid,1-0.grid,1-1.grid,1-2.grid,1-3.grid,1-4.grid,1-5.grid,1-6.grid,1-7.grid,1-8.grid,1-9.grid,2-0.grid,2-1.grid,2-2.grid,2-3.grid,2-4.grid,2-5.grid,2-6.grid,2-7.grid,2-8.grid,2-9.grid,3-0.grid,3-1.grid,3-2.grid,3-3.grid,3-4.grid,3-5.grid,3-6.grid,3-7.grid,3-8.grid,3-9.grid,4-0.grid,4-1.grid,4-2.grid,4-3.grid,4-4.grid,4-5.grid,4-6.grid,4-7.grid,4-8.grid,4-9.grid]
times: [0.503999948502,0.727000236511,0.77799987793,0.763999938965,0.263000011444,0.878999948502,0.78200006485,0.708999872208,0.249000072479,0.820999860764,0.300999879837,0.412999868393,0.384000062943,0.356999874115,0.548000097275,0.49799990654,0.332000017166,0.151000022888,0.329999923706,0.781999826431,0.473999738693,0.697999954224,0.381999969482,0.511999845505,0.0160000324249,0.974999904633,0.800999879837,0.609999895096,0.864000082016,0.984999895096,0.319999933243,0.172000169754,0.242999792099,0.493000030518,1.13700008392,0.538000106812,0.176000118256,0.607000112534,0.490999937057,0.567999839783,0.839999914169,1.12699985504,0.764999866486,0.405999898911,0.917000055313,0.990000247955,0.933000087738,0.292999982834,0.789000034332,0.903000116348]
costs: [131.204581464,117.048989873,136.664105243,116.634776311,87.691125497,125.433766184,117.29163056,119.514610307,75.4632034356,115.634776311,82.063708499,103.394552622,114.778174593,85.5955627485,118.676406871,113.390872965,100.009776311,85.6421356237,92.2279220614,122.537950904,108.558766184,111.687445841,113.662950904,114.862698372,38.0281745931,140.987698372,117.851659403,114.534271247,137.859018716,133.351659403,89.0208152802,100.083261121,82.3626983722,104.509776311,133.262193309,112.605339059,107.919047558,113.847979746,123.426406871,123.847979746,135.655591591,160.398232278,149.29163056,92.941125497,142.298989873,150.226659403,153.325901808,86.2695526217,126.727922061,137.319805153]
frontiers: [950,682,700,612,335,650,627,761,298,571,366,285,828,410,333,337,460,529,486,795,334,916,447,379,326,321,838,356,599,416,614,653,717,547,322,407,734,330,234,368,484,250,324,309,392,267,311,442,503,463]
explored: [8223,11945,12736,12456,4283,14091,12745,11072,3977,13139,4846,6822,6274,5421,9068,8155,5317,2343,5445,12792,7796,11375,6234,8340,142,15914,12808,9928,14101,16115,5186,2714,3773,8055,18442,8864,2860,10073,8124,9505,13752,18680,12727,6628,13503,15850,15404,4781,12665,14862]

Average Time: 0.591939973831 seconds
Average Cost: 114.352477593
Average Frontier: 492 cells
Average Explored: 9607 cells
Total Time: 29.5969986916 seconds
