[algo=integrated_a_star]-[w1=2_0]-[w2=2_0]

sources: [0-0.grid,0-1.grid,0-2.grid,0-3.grid,0-4.grid,0-5.grid,0-6.grid,0-7.grid,0-8.grid,0-9.grid,1-0.grid,1-1.grid,1-2.grid,1-3.grid,1-4.grid,1-5.grid,1-6.grid,1-7.grid,1-8.grid,1-9.grid,2-0.grid,2-1.grid,2-2.grid,2-3.grid,2-4.grid,2-5.grid,2-6.grid,2-7.grid,2-8.grid,2-9.grid,3-0.grid,3-1.grid,3-2.grid,3-3.grid,3-4.grid,3-5.grid,3-6.grid,3-7.grid,3-8.grid,3-9.grid,4-0.grid,4-1.grid,4-2.grid,4-3.grid,4-4.grid,4-5.grid,4-6.grid,4-7.grid,4-8.grid,4-9.grid]
times: [0.128000020981,0.214999914169,0.148000001907,0.131999969482,0.100000143051,0.163000106812,0.147000074387,0.144999980927,0.0920000076294,0.141999959946,0.069000005722,0.0550000667572,0.118000030518,0.0480000972748,0.0769999027252,0.0590000152588,0.111999988556,0.154000043869,0.0700001716614,0.0460000038147,0.100000143051,0.236999988556,0.126999855042,0.0930001735687,0.0199999809265,0.336999893188,0.275000095367,0.138999938965,0.251000165939,0.0699999332428,0.0329999923706,0.141999959946,0.182999849319,0.0659999847412,0.0440001487732,0.112999916077,0.138999938965,0.126999855042,0.121000051498,0.0999999046326,0.126000165939,0.256000041962,0.121000051498,0.105999946594,0.135999917984,0.164000034332,0.176000118256,0.095999956131,0.131999969482,0.192000150681]
costs: [223.82453083,180.080735804,227.621103706,140.99011537,119.154328933,178.960678119,166.302561211,188.580735804,110.669047558,154.889610307,102.96930009,124.557503526,188.70941546,101.234018716,152.268289963,144.925144213,159.581998462,183.43860018,128.805086528,148.091774773,161.982756057,190.117532368,172.335678119,138.887193309,40.4423881554,198.920201898,191.718037432,149.061183182,200.453318806,186.316017178,129.882250994,194.402957955,173.070959493,122.922727215,153.102813742,140.339357775,193.400540957,135.26093065,142.710678119,145.811183182,163.210678119,178.182503526,169.610173055,135.503571337,157.382250994,163.154328933,171.031745931,127.811183182,135.019552622,177.725396744]
frontiers: [1648,1428,1678,828,716,926,1357,1398,692,813,718,761,1431,728,890,768,827,1089,885,1216,865,1462,932,916,401,1670,1466,1003,1463,1306,988,1425,1027,696,1123,819,1361,840,797,754,949,1456,928,870,852,914,1012,690,797,1326]
explored: [1171,1837,1288,1272,998,1657,1194,1184,846,1367,619,472,823,331,766,506,1085,1463,595,303,984,1817,1167,760,108,2581,2084,1127,1918,490,201,1344,1759,619,274,1119,1290,1171,1187,1029,1043,1843,1293,1051,1439,1578,1705,935,1311,1492]

Average Time: 0.12884001255 seconds
Average Cost: 157.308493412
Average Frontier: 1038 cells
Average Explored: 1129 cells
Total Time: 6.44200062752 seconds
