[algo=integrated_a_star]-[w1=1_0]-[w2=4_0]

sources: [0-0.grid,0-1.grid,0-2.grid,0-3.grid,0-4.grid,0-5.grid,0-6.grid,0-7.grid,0-8.grid,0-9.grid,1-0.grid,1-1.grid,1-2.grid,1-3.grid,1-4.grid,1-5.grid,1-6.grid,1-7.grid,1-8.grid,1-9.grid,2-0.grid,2-1.grid,2-2.grid,2-3.grid,2-4.grid,2-5.grid,2-6.grid,2-7.grid,2-8.grid,2-9.grid,3-0.grid,3-1.grid,3-2.grid,3-3.grid,3-4.grid,3-5.grid,3-6.grid,3-7.grid,3-8.grid,3-9.grid,4-0.grid,4-1.grid,4-2.grid,4-3.grid,4-4.grid,4-5.grid,4-6.grid,4-7.grid,4-8.grid,4-9.grid]
times: [0.34500002861,0.618999958038,0.736999988556,0.219000101089,0.192000150681,0.667999982834,0.914000034332,0.102999925613,0.157999992371,0.342000007629,0.454999923706,0.431999921799,1.28100013733,0.192999839783,1.09500002861,0.459999799728,0.329999923706,0.219000101089,0.381000041962,0.334000110626,0.244000196457,0.873999834061,0.381000041962,0.423000097275,0.0260000228882,0.24599981308,0.651000022888,0.303000211716,1.3109998703,1.9240000248,0.118999958038,0.221999883652,0.279000043869,0.261999845505,0.208999872208,0.55999994278,0.713000059128,0.583000183105,0.569999933243,0.604000091553,3.21800017357,2.12699985504,0.384999990463,0.195000171661,0.412000179291,0.457000017166,0.59700012207,0.445000171661,0.218999862671,0.81200003624]
costs: [158.081998462,154.639610307,156.08441546,131.806349186,97.2205627485,167.69848481,171.31360018,124.7927849,82.3063491861,141.548989873,119.855339059,112.008513652,176.778066274,118.280591591,161.182503526,129.368795027,109.055086528,93.7132034356,118.984018716,145.4177849,120.547727215,156.328318806,129.015872965,140.786688245,38.0281745931,174.808766184,171.176298552,126.708261121,168.840620434,170.289105243,134.725396744,124.789105243,104.741378029,117.273232278,165.811183182,119.401911935,155.410425587,120.004833996,131.097979746,129.169047558,182.89696962,191.178823869,152.94848481,119.390872965,145.29163056,164.269552622,158.355339059,119.562445841,127.720562748,148.889610307]
frontiers: [4828,3421,5411,1985,2199,2171,4925,2877,1867,1867,2100,2096,5650,2144,2097,1859,2287,2589,3496,3073,1911,4728,3411,3633,895,4018,4582,3155,6539,3420,2663,3248,2229,1674,3380,2037,5452,2069,2290,1975,4478,5997,2231,1421,1923,1830,2584,2331,2037,4514]
explored: [1177,1804,1616,793,670,2081,2172,392,606,1221,1895,1453,2457,767,3453,1857,1456,835,1096,845,1334,1731,1116,1483,106,710,1496,964,1893,3339,440,924,1254,1004,616,2072,1724,2176,1988,2290,4796,3056,1413,1012,1465,1648,1756,1670,785,1979]

Average Time: 0.576960010529 seconds
Average Cost: 137.591913358
Average Frontier: 3031 cells
Average Explored: 1537 cells
Total Time: 28.8480005264 seconds
