[algo=a_star]-[weight=2_0]-[euclidean]

sources: [0-0.grid,0-1.grid,0-2.grid,0-3.grid,0-4.grid,0-5.grid,0-6.grid,0-7.grid,0-8.grid,0-9.grid,1-0.grid,1-1.grid,1-2.grid,1-3.grid,1-4.grid,1-5.grid,1-6.grid,1-7.grid,1-8.grid,1-9.grid,2-0.grid,2-1.grid,2-2.grid,2-3.grid,2-4.grid,2-5.grid,2-6.grid,2-7.grid,2-8.grid,2-9.grid,3-0.grid,3-1.grid,3-2.grid,3-3.grid,3-4.grid,3-5.grid,3-6.grid,3-7.grid,3-8.grid,3-9.grid,4-0.grid,4-1.grid,4-2.grid,4-3.grid,4-4.grid,4-5.grid,4-6.grid,4-7.grid,4-8.grid,4-9.grid]
times: [0.52999997139,0.738000154495,0.785000085831,0.766999959946,0.258999824524,0.882999897003,0.786999940872,0.670000076294,0.245000123978,0.793999910355,0.305000066757,0.417999982834,0.425999879837,0.333999872208,0.549000024796,0.496999979019,0.332999944687,0.332999944687,0.332000017166,0.766000032425,0.483000040054,0.666999816895,0.402000188828,0.517999887466,0.0160000324249,0.996999979019,0.765000343323,0.614000082016,0.843000173569,0.956000328064,0.322000026703,0.159999847412,0.231999874115,0.482000112534,1.17300009727,0.639999866486,0.18700003624,0.626000165939,0.480000019073,0.602999925613,0.805999994278,1.08799982071,0.780999898911,0.394999980927,0.8109998703,1.0119998455,0.948999881744,0.321000099182,0.77999997139,0.892999887466]
costs: [131.204581464,117.048989873,136.164105243,116.634776311,87.3626983722,124.941125497,117.29163056,119.014610307,75.4632034356,115.470562748,81.8994949366,103.230339059,114.778174593,85.4313491861,118.676406871,113.226659403,100.002416998,85.6421356237,91.8994949366,122.045310217,108.558766184,110.995057685,112.29163056,115.026911935,38.0281745931,141.423989873,117.159271247,114.534271247,137.16663056,132.409271247,88.6923881554,100.083261121,82.3626983722,104.220562748,130.519552622,112.605339059,107.919047558,113.847979746,123.262193309,123.847979746,135.491378029,160.234018716,149.29163056,92.941125497,142.134776311,150.226659403,153.325901808,86.5979797464,126.563708499,137.319805153]
frontiers: [891,644,646,578,335,605,631,656,331,540,367,258,751,448,315,349,431,943,487,759,345,807,427,363,317,296,739,353,537,400,562,666,699,524,340,383,718,321,226,322,483,249,314,287,419,241,240,414,467,433]
explored: [8599,12090,12652,12512,4252,14006,12872,10861,3979,12908,4862,6807,6836,5425,9062,8150,5420,5349,5439,12623,7946,10875,6467,8427,135,15518,12451,10019,13789,15624,5203,2471,3773,8000,17670,8896,3026,10042,7970,9451,13355,18054,12998,6486,13160,15635,15133,4952,12389,14536]

Average Time: 0.595059995651 seconds
Average Cost: 114.130200539
Average Frontier: 477 cells
Average Explored: 9583 cells
Total Time: 29.7529997826 seconds
