[algo=sequential_a_star]-[w1=1_0]-[w2=4_0]

sources: [0-0.grid,0-1.grid,0-2.grid,0-3.grid,0-4.grid,0-5.grid,0-6.grid,0-7.grid,0-8.grid,0-9.grid,1-0.grid,1-1.grid,1-2.grid,1-3.grid,1-4.grid,1-5.grid,1-6.grid,1-7.grid,1-8.grid,1-9.grid,2-0.grid,2-1.grid,2-2.grid,2-3.grid,2-4.grid,2-5.grid,2-6.grid,2-7.grid,2-8.grid,2-9.grid,3-0.grid,3-1.grid,3-2.grid,3-3.grid,3-4.grid,3-5.grid,3-6.grid,3-7.grid,3-8.grid,3-9.grid,4-0.grid,4-1.grid,4-2.grid,4-3.grid,4-4.grid,4-5.grid,4-6.grid,4-7.grid,4-8.grid,4-9.grid]
times: [2.25199985504,2.79200005531,0.191999912262,0.906999826431,0.459999799728,2.14599990845,2.16899991035,0.21799993515,0.628000020981,1.63499999046,1.29699993134,2.1970000267,1.17300009727,0.884000062943,9.80099987984,4.25200009346,1.36000013351,0.645999908447,2.59999990463,0.22200012207,1.75500011444,0.423000097275,0.650000095367,1.24099993706,0.0719997882843,1.38199996948,0.654000043869,0.740000009537,2.56199979782,1.37399983406,0.207999944687,0.485000133514,1.24400019646,0.723999977112,1.26699995995,3.08699989319,0.978000164032,4.12800002098,1.52200007439,3.88899993896,2.36900019646,3.62299990654,1.71700000763,1.12199997902,1.55499982834,1.66799998283,1.85299992561,1.94500017166,0.75400018692,8.68400001526]
costs: [185.752308679,146.269552622,150.911688245,130.806349186,107.470562748,167.79163056,146.504833996,129.012193309,100.384776311,146.112698372,147.019552622,115.465620434,182.355339059,103.588203436,162.104076401,148.404328933,106.873737342,104.276911935,146.362698372,150.133513652,119.340620434,133.715620434,119.94848481,137.176406871,38.0281745931,150.359018716,126.976659403,121.433766184,149.04163056,148.751154339,92.1776695297,109.64696962,108.077164466,117.609018716,157.583261121,118.191125497,143.2927849,120.551406871,128.754833996,130.305086528,151.433766184,173.605339059,153.112698372,118.633513652,146.276911935,164.676406871,157.19848481,119.562445841,128.713203436,146.64696962]
frontiers: [2688,2219,1490,1377,1173,1740,2577,1396,1171,1216,1502,1678,2418,1675,1558,1126,1110,1294,2090,1475,1337,1640,1702,1819,674,2662,2055,1857,3225,2615,1340,964,1262,1027,2626,1471,1895,1447,1221,1282,2005,2658,1280,1126,1199,1361,1716,1181,1297,2573]
explored: [5231,6008,1060,3238,1972,5340,5492,1172,2306,4880,4472,5686,3516,3106,12520,8368,4184,2735,5544,1112,5314,1984,2604,4019,412,3700,2562,2834,5516,3849,1078,2226,4218,2712,3616,6564,3438,7096,4588,8052,5664,6636,4688,3920,4764,4688,4844,5012,2852,11158]

Average Time: 1.8301199913 seconds
Average Cost: 134.168423472
Average Frontier: 1669 cells
Average Explored: 4371 cells
Total Time: 91.5059995651 seconds
