[algo=integrated_a_star]-[w1=1_25]-[w2=4_0]

sources: [0-0.grid,0-1.grid,0-2.grid,0-3.grid,0-4.grid,0-5.grid,0-6.grid,0-7.grid,0-8.grid,0-9.grid,1-0.grid,1-1.grid,1-2.grid,1-3.grid,1-4.grid,1-5.grid,1-6.grid,1-7.grid,1-8.grid,1-9.grid,2-0.grid,2-1.grid,2-2.grid,2-3.grid,2-4.grid,2-5.grid,2-6.grid,2-7.grid,2-8.grid,2-9.grid,3-0.grid,3-1.grid,3-2.grid,3-3.grid,3-4.grid,3-5.grid,3-6.grid,3-7.grid,3-8.grid,3-9.grid,4-0.grid,4-1.grid,4-2.grid,4-3.grid,4-4.grid,4-5.grid,4-6.grid,4-7.grid,4-8.grid,4-9.grid]
times: [0.132999897003,0.103999853134,0.392999887466,0.0379998683929,0.0250000953674,0.0410001277924,0.0849997997284,0.463000059128,0.029000043869,0.0449998378754,0.0340001583099,0.19100022316,0.0920000076294,0.0620000362396,0.408999919891,0.259000062943,0.191999912262,0.0800001621246,0.0450000762939,0.0340001583099,0.136000156403,0.0490000247955,0.077999830246,0.0820000171661,0.029000043869,0.0379998683929,0.0400002002716,0.0939998626709,0.0659999847412,0.109999895096,0.0310001373291,0.115999937057,0.22000002861,0.0339999198914,0.039999961853,0.205999851227,0.0840001106262,0.244999885559,0.0829999446869,0.177999973297,0.424999952316,0.199000120163,0.0360000133514,0.135999917984,0.0339999198914,0.0450000762939,0.0449998378754,0.108000040054,0.0250000953674,0.148000001907]
costs: [216.285317268,190.572113832,206.735064736,138.504833996,113.597979746,176.639610307,210.842929113,191.529220614,106.262193309,149.74011537,154.39696962,120.033008589,199.635822331,140.747474683,173.539105243,154.982756057,141.068542495,166.988852712,150.061183182,162.958152802,157.497474683,184.432395207,150.333261121,177.725396744,63.405591591,194.399278299,184.050035894,171.999891681,219.149278299,182.42871555,161.529220614,187.621103706,132.068542495,119.154328933,184.292676581,124.947222151,202.328210487,125.639610307,131.189862838,135.550144213,208.985064736,212.632142675,164.539105243,124.775649276,157.132250994,175.796464556,167.639610307,121.669047558,133.183766184,183.021861301]
frontiers: [3283,2230,3575,1262,1015,1475,2518,3714,1073,1550,947,2456,2616,1796,2672,1414,2166,1897,1589,1805,1534,2231,1924,1654,1057,2065,1995,2095,2462,2352,1850,2407,2542,1227,2030,1846,2226,1977,1816,1848,3175,3443,1621,1661,1551,1655,1842,1702,1210,2496]
explored: [485,381,1078,149,107,167,335,1402,118,172,172,734,356,265,1165,1220,753,312,209,152,677,230,309,426,120,156,189,381,297,406,139,462,994,157,156,721,321,861,363,681,1405,646,180,557,165,184,214,472,127,602]

Average Time: 0.118279995918 seconds
Average Cost: 162.084769005
Average Frontier: 2010 cells
Average Explored: 446 cells
Total Time: 5.91399979591 seconds
