[algo=integrated_a_star]-[w1=2_0]-[w2=4_0]

sources: [0-0.grid,0-1.grid,0-2.grid,0-3.grid,0-4.grid,0-5.grid,0-6.grid,0-7.grid,0-8.grid,0-9.grid,1-0.grid,1-1.grid,1-2.grid,1-3.grid,1-4.grid,1-5.grid,1-6.grid,1-7.grid,1-8.grid,1-9.grid,2-0.grid,2-1.grid,2-2.grid,2-3.grid,2-4.grid,2-5.grid,2-6.grid,2-7.grid,2-8.grid,2-9.grid,3-0.grid,3-1.grid,3-2.grid,3-3.grid,3-4.grid,3-5.grid,3-6.grid,3-7.grid,3-8.grid,3-9.grid,4-0.grid,4-1.grid,4-2.grid,4-3.grid,4-4.grid,4-5.grid,4-6.grid,4-7.grid,4-8.grid,4-9.grid]
times: [22.118999958,32.9620001316,30.8459999561,18.0370001793,7.6810002327,25.7429997921,37.0009999275,24.8340001106,7.18600010872,19.9219999313,11.3289999962,11.7999999523,39.492000103,12.7049999237,18.7200000286,12.7460000515,8.4880001545,3.86299991608,10.5439999104,33.1610000134,13.0999999046,17.010999918,11.6419999599,14.0620000362,1.3140001297,39.9600000381,21.1199998856,15.7709999084,36.2379999161,37.3179998398,16.9289999008,10.6490001678,6.19099998474,10.9049999714,39.2809998989,13.1080000401,23.871999979,14.7460000515,15.1699998379,14.1690001488,33.2990000248,42.4409999847,18.7950000763,15.4560000896,16.2550001144,23.4170000553,22.1679999828,8.82899999619,16.4259998798,38.1829998493]
costs: [171.661688245,158.618795027,177.686183182,139.026911935,97.2916305603,173.950901808,177.406745931,142.629833996,84.7279220614,150.340620434,95.8063491861,115.476659403,172.876154339,113.944805153,145.447222151,131.036688245,110.30266953,91.4705627485,102.912950904,164.76093065,124.847979746,139.305086528,140.618795027,130.941125497,60.341883092,181.678823869,146.008513652,126.691125497,173.036688245,168.568542495,118.991378029,127.254833996,94.7842712475,123.144552622,160.075901808,120.176406871,154.24011537,124.504833996,137.058766184,135.833261121,176.225396744,199.01093065,163.669047558,120.590620434,150.433766184,174.661688245,166.333261121,98.3626983722,140.519552622,171.447222151]
frontiers: [4267,3330,2992,2002,1467,2196,2917,3123,1561,1880,1828,1270,4330,1886,1843,1367,1996,1791,2095,2983,1515,3594,1948,1623,1216,2070,3644,1648,4003,2329,3089,3138,2200,1432,2458,1446,4915,1421,1209,1417,3237,1638,1763,1209,1742,2053,2097,2680,1902,2587]
explored: [6621,9633,9462,6106,2762,8430,10737,7474,2496,6470,3577,3918,10577,4138,6198,4432,2896,1366,3318,10266,4398,5319,4108,4766,472,11842,6326,5214,10493,11085,5038,3559,2176,3786,11453,4550,6794,5098,5265,4946,10337,13133,6434,5166,5574,7754,7390,2994,5578,11673]

Average Time: 19.940079999 seconds
Average Cost: 139.334665889
Average Frontier: 2286 cells
Average Explored: 6271 cells
Total Time: 997.003999949 seconds
