[algo=integrated_a_star]-[w1=2_0]-[w2=4_0]

sources: [0-0.grid,0-1.grid,0-2.grid,0-3.grid,0-4.grid,0-5.grid,0-6.grid,0-7.grid,0-8.grid,0-9.grid,1-0.grid,1-1.grid,1-2.grid,1-3.grid,1-4.grid,1-5.grid,1-6.grid,1-7.grid,1-8.grid,1-9.grid,2-0.grid,2-1.grid,2-2.grid,2-3.grid,2-4.grid,2-5.grid,2-6.grid,2-7.grid,2-8.grid,2-9.grid,3-0.grid,3-1.grid,3-2.grid,3-3.grid,3-4.grid,3-5.grid,3-6.grid,3-7.grid,3-8.grid,3-9.grid,4-0.grid,4-1.grid,4-2.grid,4-3.grid,4-4.grid,4-5.grid,4-6.grid,4-7.grid,4-8.grid,4-9.grid]
times: [0.0390000343323,0.029000043869,0.0370001792908,0.0319998264313,0.0239999294281,0.0409998893738,0.0360000133514,0.0329999923706,0.0220000743866,0.0369999408722,0.0310001373291,0.029000043869,0.0369999408722,0.0360000133514,0.0420000553131,0.0260000228882,0.0310001373291,0.0380001068115,0.029000043869,0.0339999198914,0.0260000228882,0.0320000648499,0.0419998168945,0.0380001068115,0.0249998569489,0.0339999198914,0.0329999923706,0.0400002002716,0.0370001792908,0.0339999198914,0.0309998989105,0.0319998264313,0.0369999408722,0.0250000953674,0.0410001277924,0.0279998779297,0.0340001583099,0.0260000228882,0.0280001163483,0.0260000228882,0.0339999198914,0.0340001583099,0.0279998779297,0.0279998779297,0.0260000228882,0.039999961853,0.0309998989105,0.0239999294281,0.0250000953674,0.0329999923706,]
costs: [235.401695297,198.992424049,230.845346111,138.669047558,115.254833996,176.639610307,221.599025767,200.417676581,108.083261121,154.225396744,155.604076401,160.718037432,234.64801564,172.432503526,186.610173055,165.903066274,153.26093065,178.746212025,176.124891681,179.964249456,165.089357775,197.992424049,179.654328933,177.932503526,82.9656204336,200.149278299,199.406637612,186.675144213,231.998520704,217.599025767,167.818434176,201.809812205,173.089357775,119.254833996,190.406637612,138.26093065,207.649278299,133.39696962,143.160425587,140.568542495,212.391918986,228.605122421,165.367532368,129.189862838,158.367532368,175.960678119,169.539105243,123.911688245,132.355339059,190.56475452]
frontiers: [2115,1745,2020,1185,1015,1445,1935,1800,970,1330,892,1211,2050,1371,1550,872,1210,1470,1470,1885,1345,1775,1525,1390,1020,1870,1795,1565,2040,1850,1770,1755,1378,1035,2025,1125,1890,1115,1196,1076,1895,2060,1455,1165,1430,1470,1515,1045,1185,1815]
explored: [167,133,157,128,102,159,158,140,96,143,147,121,157,150,160,134,143,155,155,148,141,143,155,150,103,151,144,159,168,149,137,136,149,108,149,119,147,115,121,118,153,157,144,119,139,159,153,107,124,144,]

Average Time: 0.0323000049591 seconds
Average Cost: 173.705441431
Average Frontier: 1502 cells
Average Explored: 140 cells
Total Time: 1.61500024796 seconds
