[algo=a_star]-[weight=1_25]-[manhattan]

sources: [0-0.grid,0-1.grid,0-2.grid,0-3.grid,0-4.grid,0-5.grid,0-6.grid,0-7.grid,0-8.grid,0-9.grid,1-0.grid,1-1.grid,1-2.grid,1-3.grid,1-4.grid,1-5.grid,1-6.grid,1-7.grid,1-8.grid,1-9.grid,2-0.grid,2-1.grid,2-2.grid,2-3.grid,2-4.grid,2-5.grid,2-6.grid,2-7.grid,2-8.grid,2-9.grid,3-0.grid,3-1.grid,3-2.grid,3-3.grid,3-4.grid,3-5.grid,3-6.grid,3-7.grid,3-8.grid,3-9.grid,4-0.grid,4-1.grid,4-2.grid,4-3.grid,4-4.grid,4-5.grid,4-6.grid,4-7.grid,4-8.grid,4-9.grid]
times: [0.601999998093,0.908999919891,0.891000032425,0.881999969482,0.284999847412,0.947999954224,0.961999893188,0.80999994278,0.256999969482,0.924000024796,0.351999998093,0.446000099182,0.707000017166,0.407999992371,0.556999921799,0.547999858856,0.381999969482,0.28200006485,0.360999822617,0.953999996185,0.552999973297,0.751000165939,0.469000101089,0.533999919891,0.0209999084473,1.02800011635,0.916000127792,0.632999897003,0.9390001297,1.00999999046,0.460999965668,0.134999990463,0.24599981308,0.5609998703,1.16299986839,0.682999849319,0.269000053406,0.674999952316,0.50200009346,0.639000177383,0.912999868393,1.12999987602,0.825000047684,0.420000076294,0.858000040054,1.02900028229,0.983999967575,0.358999967575,0.845999956131,1.01399993896]
costs: [129.484018716,116.556349186,134.693542495,116.634776311,87.3626983722,124.941125497,116.798989873,115.816125497,75.4632034356,115.470562748,81.8994949366,103.230339059,114.778174593,84.938708499,117.526911935,113.226659403,100.002416998,85.6421356237,92.063708499,121.55266953,108.558766184,110.995057685,112.29163056,113.634776311,38.0281745931,141.423989873,117.159271247,114.370057685,137.16663056,132.409271247,88.6923881554,96.3063491861,82.3626983722,103.470562748,130.191125497,112.605339059,104.634776311,113.847979746,123.262193309,123.847979746,135.162950904,160.234018716,149.29163056,91.627416998,141.634776311,149.734018716,153.161688245,83.1494949366,126.563708499,137.319805153]
frontiers: [727,527,508,431,295,249,533,491,289,353,254,287,565,307,295,283,385,694,315,782,336,565,400,344,357,276,379,365,303,314,697,645,556,447,184,323,581,296,278,321,394,214,279,183,228,252,187,299,270,340]
explored: [9906,15040,14725,14575,4785,15740,15946,13421,4255,15326,5752,7418,11718,6709,9461,9198,6329,4514,6027,15290,9364,12659,7866,8983,249,17448,15385,10590,15778,16950,7564,2171,3992,9370,19351,10228,4428,11251,8385,10700,15190,18815,13791,7009,14356,16411,15728,5513,13868,16023]

Average Time: 0.660659985542 seconds
Average Cost: 113.624422766
Average Frontier: 383 cells
Average Explored: 10911 cells
Total Time: 33.0329992771 seconds
