[algo=integrated_a_star]-[w1=4_0]-[w2=4_0]

sources: [0-0.grid,0-1.grid,0-2.grid,0-3.grid,0-4.grid,0-5.grid,0-6.grid,0-7.grid,0-8.grid,0-9.grid,1-0.grid,1-1.grid,1-2.grid,1-3.grid,1-4.grid,1-5.grid,1-6.grid,1-7.grid,1-8.grid,1-9.grid,2-0.grid,2-1.grid,2-2.grid,2-3.grid,2-4.grid,2-5.grid,2-6.grid,2-7.grid,2-8.grid,2-9.grid,3-0.grid,3-1.grid,3-2.grid,3-3.grid,3-4.grid,3-5.grid,3-6.grid,3-7.grid,3-8.grid,3-9.grid,4-0.grid,4-1.grid,4-2.grid,4-3.grid,4-4.grid,4-5.grid,4-6.grid,4-7.grid,4-8.grid,4-9.grid]
times: [0.0309998989105,0.0260000228882,0.0309998989105,0.0310001373291,0.0239999294281,0.0390000343323,0.0329999923706,0.0280001163483,0.0220000743866,0.0350000858307,0.0299999713898,0.0260000228882,0.0339999198914,0.0380001068115,0.0289998054504,0.0209999084473,0.0280001163483,0.0370001792908,0.0299999713898,0.0270001888275,0.0240001678467,0.0260000228882,0.0380001068115,0.0379998683929,0.0250000953674,0.029000043869,0.0269999504089,0.0390000343323,0.0309998989105,0.029000043869,0.0250000953674,0.0260000228882,0.0320000648499,0.0239999294281,0.0300002098083,0.0249998569489,0.0309998989105,0.0239999294281,0.0260000228882,0.0250000953674,0.0289998054504,0.0319998264313,0.0280001163483,0.0249998569489,0.0270001888275,0.0390000343323,0.0299999713898,0.0249998569489,0.0239999294281,0.0319998264313,]
costs: [236.297510577,205.076947828,233.344083452,141.74011537,115.254833996,176.639610307,243.961724139,208.309812205,108.083261121,156.124891681,157.811183182,166.831998462,260.661471607,176.089357775,195.509667992,174.725396744,176.43860018,187.160425587,181.781745931,192.371103706,168.746212025,201.352705423,184.624891681,182.76093065,129.925144213,209.927452892,214.791413922,192.296464556,240.239898732,213.587986798,175.639501988,198.045093579,183.681240867,122.911688245,191.078210487,140.746212025,221.87720036,138.053823869,146.746212025,146.089357775,211.948268172,232.605122421,166.195959493,134.26093065,158.124891681,180.610173055,170.953318806,128.568542495,132.355339059,212.249783362]
frontiers: [2175,1725,2055,1205,1010,1445,1930,1745,960,1340,885,1100,1995,1335,1485,725,1135,1380,1485,1840,1250,1785,1460,1400,1110,1990,1860,1570,2070,1920,1740,1815,1320,980,2030,1095,1900,1055,1140,1140,1890,2005,1455,1080,1400,1525,1515,1030,1175,1740,]
explored: [159,128,153,126,102,159,149,138,95,138,140,108,152,142,145,121,113,145,153,146,129,139,150,149,102,156,142,158,162,144,133,132,127,101,148,106,150,104,113,116,148,149,143,104,137,157,151,105,123,143,]

Average Time: 0.0293000030518 seconds
Average Cost: 180.504154263
Average Frontier: 1488 cells
Average Explored: 134 cells
Total Time: 1.46500015259 seconds
