[algo=sequential_a_star]-[w1=1_25]-[w2=2_0]

sources: [0-0.grid,0-1.grid,0-2.grid,0-3.grid,0-4.grid,0-5.grid,0-6.grid,0-7.grid,0-8.grid,0-9.grid,1-0.grid,1-1.grid,1-2.grid,1-3.grid,1-4.grid,1-5.grid,1-6.grid,1-7.grid,1-8.grid,1-9.grid,2-0.grid,2-1.grid,2-2.grid,2-3.grid,2-4.grid,2-5.grid,2-6.grid,2-7.grid,2-8.grid,2-9.grid,3-0.grid,3-1.grid,3-2.grid,3-3.grid,3-4.grid,3-5.grid,3-6.grid,3-7.grid,3-8.grid,3-9.grid,4-0.grid,4-1.grid,4-2.grid,4-3.grid,4-4.grid,4-5.grid,4-6.grid,4-7.grid,4-8.grid,4-9.grid]
times: [0.174999952316,0.180999994278,0.263000011444,0.0829999446869,0.069000005722,0.0999999046326,0.276000022888,0.635999917984,0.0590000152588,0.210000038147,0.0929999351501,0.556999921799,0.343000173569,0.121000051498,1.41999983788,0.930000066757,0.480000019073,0.230999946594,0.0989999771118,0.105000019073,0.613999843597,0.114000082016,0.161000013351,0.171000003815,0.0710000991821,0.118999958038,0.0980000495911,0.217000007629,0.167000055313,0.206000089645,0.216000080109,0.422999858856,0.710000038147,0.0920000076294,0.230000019073,0.336999893188,0.440999984741,0.125999927521,0.196000099182,0.322999954224,0.75,0.344000101089,0.0929999351501,0.190999984741,0.203999996185,0.108999967575,0.0889999866486,0.18799996376,0.197000026703,0.160000085831]
costs: [202.378463018,190.936074863,171.243686708,131.213203436,115.254833996,176.053823869,209.374783362,149.909162928,108.669047558,145.597979746,156.296464556,116.801406871,198.413996924,158.976659403,169.26093065,157.574639149,116.183766184,162.568542495,146.984018716,152.13708499,157.633513652,175.736327395,149.21930009,174.311183182,38.3602813742,200.059812205,180.171356237,185.018289963,215.634559673,198.214249456,162.036579926,121.5427849,138.611435714,117.769552622,164.236327395,118.472979746,184.214249456,115.355339059,127.972979746,128.336940777,159.182503526,207.900540957,152.941125497,120.840620434,148.426406871,160.061183182,157.355339059,117.734018716,132.355339059,148.195959493]
frontiers: [1359,1254,1397,877,783,1086,1343,1539,703,911,694,1540,1894,920,1757,877,1219,1151,1086,1434,932,1226,1306,854,725,1594,1350,1344,1814,1592,1225,1648,1147,841,1333,899,1905,822,780,960,1299,1666,1097,780,1016,1123,1106,788,915,1164]
explored: [990,980,1362,502,408,632,932,2306,380,538,636,2390,1580,734,4463,3588,2258,1319,658,648,2851,704,946,1000,432,748,628,1187,960,1172,560,1538,2532,583,644,1126,1512,690,1110,970,2034,1599,594,1118,554,644,598,1130,488,946,]

Average Time: 0.275759997368 seconds
Average Cost: 153.874592976
Average Frontier: 1181 cells
Average Explored: 1178 cells
Total Time: 13.7879998684 seconds
