[algo=integrated_a_star]-[w1=1_0]-[w2=1_25]

sources: [0-0.grid,0-1.grid,0-2.grid,0-3.grid,0-4.grid,0-5.grid,0-6.grid,0-7.grid,0-8.grid,0-9.grid,1-0.grid,1-1.grid,1-2.grid,1-3.grid,1-4.grid,1-5.grid,1-6.grid,1-7.grid,1-8.grid,1-9.grid,2-0.grid,2-1.grid,2-2.grid,2-3.grid,2-4.grid,2-5.grid,2-6.grid,2-7.grid,2-8.grid,2-9.grid,3-0.grid,3-1.grid,3-2.grid,3-3.grid,3-4.grid,3-5.grid,3-6.grid,3-7.grid,3-8.grid,3-9.grid,4-0.grid,4-1.grid,4-2.grid,4-3.grid,4-4.grid,4-5.grid,4-6.grid,4-7.grid,4-8.grid,4-9.grid]
times: [1.00999999046,0.660000085831,0.496000051498,0.469000101089,0.328999996185,0.608999967575,0.701999902725,0.5,0.319000005722,0.547999858856,0.299000024796,0.458999872208,0.888999938965,0.355999946594,0.493000030518,0.411999940872,0.321000099182,0.27999997139,0.418999910355,0.890000104904,0.371999979019,1.16799998283,0.463000059128,0.417999982834,0.0250000953674,0.973999977112,1.17300009727,0.509000062943,1.13999986649,0.792999982834,0.165999889374,0.211999893188,0.341000080109,0.546000003815,1.39600014687,0.421000003815,0.420000076294,0.517999887466,0.456000089645,0.453000068665,1.06799983978,1.3599998951,0.496000051498,0.239000082016,0.549000024796,0.885999917984,0.78200006485,0.167999982834,0.513999938965,1.18400001526]
costs: [153.726659403,132.704581464,155.11511537,140.94848481,121.355339059,155.722979746,130.583261121,136.618795027,111.29163056,137.94848481,89.1347763109,120.876154339,149.069805153,92.8810966544,137.140872965,139.09430009,120.808766184,100.998737342,102.048989873,152.533008589,129.243795027,131.452164466,132.137193309,135.269552622,38.0355339059,153.997474683,140.773232278,129.562445841,152.851659403,145.066125497,94.3063491861,114.691125497,111.491378029,137.376154339,149.904328933,140.34430009,142.368795027,139.768289963,150.654328933,147.89696962,157.44848481,177.019552622,165.012193309,102.284271247,156.840620434,172.075901808,173.762193309,98.1837661841,144.026911935,157.297727215]
frontiers: [1763,1434,1157,963,974,1264,1283,1217,703,1174,652,784,2011,725,1610,824,747,879,552,1447,884,878,719,875,284,1094,1065,921,1024,1306,1152,1073,850,963,1805,1389,1303,1624,1102,1499,721,1598,994,770,1118,1144,1149,849,1119,1864]
explored: [6705,5006,4265,4589,3200,5457,5045,4456,3225,4895,2584,3785,5225,3142,4321,3773,3280,2628,4060,7165,3598,9362,4670,3900,152,7960,9325,4637,9754,5541,1142,2004,3265,4937,10000,3853,3212,4509,4368,3970,8704,10454,4896,2276,5037,7896,7208,1737,4833,10008]

Average Time: 0.593399996758 seconds
Average Cost: 134.034893168
Average Frontier: 1105 cells
Average Explored: 5000 cells
Total Time: 29.6699998379 seconds
