[algo=integrated_a_star]-[w1=1_25]-[w2=1_25]

sources: [0-0.grid,0-1.grid,0-2.grid,0-3.grid,0-4.grid,0-5.grid,0-6.grid,0-7.grid,0-8.grid,0-9.grid,1-0.grid,1-1.grid,1-2.grid,1-3.grid,1-4.grid,1-5.grid,1-6.grid,1-7.grid,1-8.grid,1-9.grid,2-0.grid,2-1.grid,2-2.grid,2-3.grid,2-4.grid,2-5.grid,2-6.grid,2-7.grid,2-8.grid,2-9.grid,3-0.grid,3-1.grid,3-2.grid,3-3.grid,3-4.grid,3-5.grid,3-6.grid,3-7.grid,3-8.grid,3-9.grid,4-0.grid,4-1.grid,4-2.grid,4-3.grid,4-4.grid,4-5.grid,4-6.grid,4-7.grid,4-8.grid,4-9.grid]
times: [0.960999965668,0.450999975204,0.290999889374,0.450000047684,0.300999879837,0.512000083923,0.577999830246,0.334000110626,0.308000326157,0.484000205994,0.22000002861,0.305999994278,0.473999977112,0.300999879837,0.475999832153,0.396999835968,0.286000013351,0.167999982834,0.416000127792,1.00899982452,0.283999919891,1.13800001144,0.429999828339,0.328000068665,0.0220000743866,0.958999872208,1.10899996758,0.381000041962,1.06599998474,0.591000080109,0.0829999446869,0.195999860764,0.226999998093,0.334999799728,1.29699993134,0.339999914169,0.18799996376,0.446000099182,0.37700009346,0.373999834061,1.08100008965,1.20300006866,0.448999881744,0.271999835968,0.424999952316,0.692999839783,0.511000156403,0.166999816895,0.404000043869,1.19900012016]
costs: [183.318542495,134.504833996,150.268289963,147.211940777,124.855339059,153.74011537,136.640872965,126.044047558,97.2842712475,145.105339059,92.2769119346,122.415367902,149.926406871,98.2989898732,138.783008589,131.783008589,125.004833996,109.855339059,118.269552622,157.52196962,128.676406871,136.330844123,141.015872965,135.669047558,44.3529220614,159.626154339,137.433766184,129.784271247,153.868795027,150.676406871,99.3382034356,134.204581464,112.44848481,133.058766184,154.34430009,140.947222151,143.526911935,144.450901808,152.111435714,157.003571337,161.762193309,175.911688245,168.997474683,104.526911935,160.661688245,172.919047558,173.161688245,95.2058441227,140.183766184,175.840620434]
frontiers: [1422,1250,1048,715,562,758,1364,989,489,640,612,808,1638,580,1493,958,698,625,537,1034,616,1016,636,634,312,889,1238,736,1037,1280,715,768,643,676,1339,729,857,839,534,1213,695,699,692,666,695,833,828,532,618,938]
explored: [6528,3578,2741,4626,3107,5006,3918,2897,3137,4716,1983,2722,3356,2618,4333,3780,2980,1642,4001,8190,2863,8644,4339,3261,120,8097,8249,3624,8827,4421,668,2038,2335,3354,9469,3554,1853,4475,3963,3757,8628,9634,4668,2598,4293,6388,4905,1676,3983,9910]

Average Time: 0.505959978104 seconds
Average Cost: 137.222975414
Average Frontier: 842 cells
Average Explored: 4409 cells
Total Time: 25.2979989052 seconds
