[algo=integrated_a_star]-[w1=1_25]-[w2=2_0]

sources: [0-0.grid,0-1.grid,0-2.grid,0-3.grid,0-4.grid,0-5.grid,0-6.grid,0-7.grid,0-8.grid,0-9.grid,1-0.grid,1-1.grid,1-2.grid,1-3.grid,1-4.grid,1-5.grid,1-6.grid,1-7.grid,1-8.grid,1-9.grid,2-0.grid,2-1.grid,2-2.grid,2-3.grid,2-4.grid,2-5.grid,2-6.grid,2-7.grid,2-8.grid,2-9.grid,3-0.grid,3-1.grid,3-2.grid,3-3.grid,3-4.grid,3-5.grid,3-6.grid,3-7.grid,3-8.grid,3-9.grid,4-0.grid,4-1.grid,4-2.grid,4-3.grid,4-4.grid,4-5.grid,4-6.grid,4-7.grid,4-8.grid,4-9.grid]
times: [30.8789999485,36.7590000629,35.0620000362,30.248000145,11.4570000172,35.9500000477,47.2219998837,35.0499999523,11.0769999027,35.0910000801,14.6600000858,18.9340000153,37.5360000134,18.3059999943,23.7860000134,20.7869999409,14.9660000801,7.0119998455,14.9869999886,41.3350000381,22.8320000172,37.378000021,20.8619999886,21.8340001106,0.651000022888,42.0920000076,41.7960000038,26.0490000248,41.9180002213,43.7690000534,20.0299999714,9.88899993896,10.3269999027,24.5659999847,52.3570001125,22.6270000935,18.8229999542,20.8959999084,17.8870000839,20.4600000381,37.6790001392,40.9349999428,28.2379999161,16.1900000572,27.3489999771,36.9520001411,33.5989999771,13.0350000858,27.7939999104,37.6240000725]
costs: [157.090620434,146.161688245,163.669047558,134.006096654,99.3921356237,140.984018716,160.247474683,136.44848481,89.563708499,148.534271247,92.5992424049,113.627416998,143.205844123,104.120057685,143.812445841,127.96930009,108.495057685,92.9203102168,103.091883092,152.312445841,132.062445841,134.534271247,142.287950904,136.077164466,43.2352813742,160.730339059,143.769552622,129.077164466,158.205844123,157.422727215,97.7744949366,112.54163056,92.341883092,122.995057685,154.705844123,129.734018716,125.998737342,127.673989873,140.276911935,142.120057685,167.376154339,192.855339059,168.019552622,116.284271247,161.276911935,180.012193309,174.441125497,103.191125497,144.29163056,160.71930009]
frontiers: [3650,3098,3045,2341,1650,2479,2233,3043,1745,1908,1556,1818,3733,2124,1712,1598,2570,2370,1798,3311,1926,3287,2555,1752,1095,1218,1956,2137,1752,1662,3282,2781,2695,2114,977,1672,3875,1622,1482,1681,2584,1218,1731,1191,2176,1274,1406,1491,2237,2136]
explored: [9334,11765,11502,9970,3670,10654,13397,10121,3574,10634,4598,5842,10050,5602,7406,6502,4734,2274,4694,12313,7330,10509,6818,7066,213,12466,12266,8098,12282,12709,5522,3139,3259,7650,14733,7086,5430,7450,6718,7510,13122,14497,10302,5902,9766,13106,11422,4638,9618,12646]

Average Time: 26.7508400154 seconds
Average Cost: 134.205690437
Average Frontier: 2134 cells
Average Explored: 8438 cells
Total Time: 1337.54200077 seconds
