[algo=a_star]-[weight=2_0]-[approx_euclidean]

sources: [0-0.grid,0-1.grid,0-2.grid,0-3.grid,0-4.grid,0-5.grid,0-6.grid,0-7.grid,0-8.grid,0-9.grid,1-0.grid,1-1.grid,1-2.grid,1-3.grid,1-4.grid,1-5.grid,1-6.grid,1-7.grid,1-8.grid,1-9.grid,2-0.grid,2-1.grid,2-2.grid,2-3.grid,2-4.grid,2-5.grid,2-6.grid,2-7.grid,2-8.grid,2-9.grid,3-0.grid,3-1.grid,3-2.grid,3-3.grid,3-4.grid,3-5.grid,3-6.grid,3-7.grid,3-8.grid,3-9.grid,4-0.grid,4-1.grid,4-2.grid,4-3.grid,4-4.grid,4-5.grid,4-6.grid,4-7.grid,4-8.grid,4-9.grid]
times: [0.540000200272,0.792999982834,0.802000045776,0.802999973297,0.269000053406,0.863000154495,0.805999994278,0.68499994278,0.246000051498,0.799000024796,0.31200003624,0.423000097275,0.412000179291,0.351000070572,0.552000045776,0.506999969482,0.331000089645,0.304000139236,0.34299993515,0.802000045776,0.480000019073,0.664000034332,0.382999897003,0.520999908447,0.0160000324249,0.981000185013,0.796000003815,0.615999937057,0.858999967575,0.985000371933,0.336999893188,0.168999910355,0.243000030518,0.490999937057,1.10400009155,0.547999858856,0.1859998703,0.615999937057,0.498000144958,0.582000017166,0.868999958038,1.1289999485,0.796000003815,0.43499994278,0.813000202179,0.969000339508,1.02500009537,0.320999860764,0.805999994278,0.966000080109]
costs: [131.204581464,117.048989873,136.164105243,116.634776311,87.5269119346,124.941125497,117.29163056,119.014610307,75.4632034356,115.470562748,81.8994949366,103.230339059,114.778174593,85.4313491861,118.676406871,113.062445841,100.002416998,85.6421356237,91.8994949366,122.866378029,108.558766184,111.159271247,112.29163056,115.026911935,38.0281745931,140.987698372,117.32348481,114.534271247,137.330844123,132.737698372,89.0208152802,100.083261121,82.3626983722,104.220562748,130.847979746,112.605339059,107.919047558,113.847979746,123.262193309,123.847979746,135.491378029,160.398232278,149.29163056,92.941125497,142.134776311,150.226659403,153.325901808,86.5979797464,126.563708499,137.648232278]
frontiers: [891,655,684,589,343,601,608,796,303,561,374,279,775,425,339,316,437,1028,447,787,360,863,444,378,321,337,779,350,572,394,590,648,687,553,395,394,727,321,269,348,489,253,322,294,389,266,286,442,489,423]
explored: [8414,12265,12872,12598,4275,14143,12965,11214,3996,13113,5009,6876,6630,5586,9123,8302,5468,4885,5540,13097,7885,10821,6186,8476,131,15727,12909,10052,14046,16172,5481,2717,3819,8067,18015,8966,2964,10117,8211,9543,13588,18562,13109,6651,13454,15825,15483,4914,12651,14963]

Average Time: 0.602940030098 seconds
Average Cost: 114.17730732
Average Frontier: 492 cells
Average Explored: 9717 cells
Total Time: 30.1470015049 seconds
