[algo=sequential_a_star]-[w1=1_0]-[w2=1_25]

sources: [0-0.grid,0-1.grid,0-2.grid,0-3.grid,0-4.grid,0-5.grid,0-6.grid,0-7.grid,0-8.grid,0-9.grid,1-0.grid,1-1.grid,1-2.grid,1-3.grid,1-4.grid,1-5.grid,1-6.grid,1-7.grid,1-8.grid,1-9.grid,2-0.grid,2-1.grid,2-2.grid,2-3.grid,2-4.grid,2-5.grid,2-6.grid,2-7.grid,2-8.grid,2-9.grid,3-0.grid,3-1.grid,3-2.grid,3-3.grid,3-4.grid,3-5.grid,3-6.grid,3-7.grid,3-8.grid,3-9.grid,4-0.grid,4-1.grid,4-2.grid,4-3.grid,4-4.grid,4-5.grid,4-6.grid,4-7.grid,4-8.grid,4-9.grid]
times: [1.36999988556,2.65300011635,0.188999891281,0.869999885559,0.620000123978,2.9240000248,1.78699994087,0.177999973297,0.44100022316,1.48000001907,1.34099984169,4.3180000782,1.84899997711,0.773000001907,12.3709998131,9.35899996758,1.28900003433,0.652000188828,3.04299998283,0.233000040054,1.49099993706,0.457999944687,0.578000068665,1.09899997711,0.175999879837,1.35100007057,0.628000020981,0.762000083923,2.68899989128,1.22500014305,0.194000005722,0.460999965668,2.94600009918,0.587000131607,1.81999993324,3.44600009918,0.858999967575,2.4849998951,1.4849998951,3.79600000381,2.44099998474,2.3259999752,1.49499988556,1.23099994659,1.18400001526,1.48699998856,2.17199993134,1.83600020409,0.770999908447,8.63199996948]
costs: [186.744949366,147.512193309,150.911688245,130.806349186,89.813708499,164.29163056,141.251154339,128.183766184,89.2205627485,144.463203436,147.362698372,115.465620434,183.526911935,103.170310217,161.133513652,148.497474683,106.873737342,104.441125497,124.605339059,150.133513652,129.111435714,133.715620434,127.120057685,135.376154339,38.0281745931,149.463203436,126.976659403,121.19848481,157.29163056,148.751154339,92.1776695297,109.64696962,97.0563491861,116.859018716,157.919047558,119.683766184,148.524386618,118.394552622,129.401911935,131.090620434,151.433766184,171.855339059,151.04163056,119.426406871,144.784271247,164.512193309,155.534271247,118.562445841,127.220562748,146.64696962]
frontiers: [2173,2328,1480,1339,1302,1811,2479,1202,1091,1252,1466,1843,2460,1721,1634,1391,1181,1315,2110,1452,1207,1700,1628,1734,674,2816,2082,1845,3105,2449,1349,943,1396,1069,2896,1506,1801,1411,1301,1253,2077,2529,1333,1005,1380,1351,1788,1180,1262,2528]
explored: [4307,6240,1060,2974,2544,5970,4712,984,1983,4296,4432,9170,4416,3004,13960,13828,4184,2667,6779,1164,4779,1984,2316,3835,412,3716,2562,2930,5560,3849,1078,2226,7450,2440,4480,7156,3186,6248,4740,8128,5728,5408,4642,4096,4068,4804,5710,5220,3114,11158]

Average Time: 1.99701999664 seconds
Average Cost: 133.144283502
Average Frontier: 1672 cells
Average Explored: 4633 cells
Total Time: 99.8509998322 seconds
