[algo=a_star]-[weight=1_0]-[manhattan]

sources: [0-0.grid,0-1.grid,0-2.grid,0-3.grid,0-4.grid,0-5.grid,0-6.grid,0-7.grid,0-8.grid,0-9.grid,1-0.grid,1-1.grid,1-2.grid,1-3.grid,1-4.grid,1-5.grid,1-6.grid,1-7.grid,1-8.grid,1-9.grid,2-0.grid,2-1.grid,2-2.grid,2-3.grid,2-4.grid,2-5.grid,2-6.grid,2-7.grid,2-8.grid,2-9.grid,3-0.grid,3-1.grid,3-2.grid,3-3.grid,3-4.grid,3-5.grid,3-6.grid,3-7.grid,3-8.grid,3-9.grid,4-0.grid,4-1.grid,4-2.grid,4-3.grid,4-4.grid,4-5.grid,4-6.grid,4-7.grid,4-8.grid,4-9.grid]
times: [0.835000038147,1.01999998093,0.993999958038,0.945999860764,0.325999975204,1.00099992752,1.06100010872,0.911000013351,0.309000015259,1.02799987793,0.446000099182,0.575999975204,0.921999931335,0.470999956131,0.664999961853,0.697999954224,0.490999937057,0.444000005722,0.447999954224,1.09799981117,0.707000017166,0.878999948502,0.572999954224,0.654000043869,0.0549998283386,1.09900021553,0.968999862671,0.74799990654,1.03900003433,1.08000016212,0.598999738693,0.204999923706,0.325000047684,0.641000032425,1.18200016022,0.683000087738,0.427000045776,0.763000011444,0.549999952316,0.713000059128,0.963999986649,1.14599990845,0.90099978447,0.465000152588,0.924999952316,1.08899998665,0.976000070572,0.37299990654,0.888999938965,1.0039999485]
costs: [129.484018716,116.392135624,134.193542495,116.634776311,87.3626983722,124.941125497,116.634776311,115.316125497,75.4632034356,115.470562748,81.8994949366,103.066125497,114.778174593,84.938708499,117.526911935,113.062445841,100.002416998,85.6421356237,91.8994949366,121.55266953,108.558766184,110.995057685,112.29163056,113.634776311,38.0281745931,140.987698372,117.159271247,114.370057685,137.16663056,132.409271247,88.6923881554,96.1494949366,82.3626983722,103.470562748,130.191125497,112.605339059,104.634776311,113.847979746,123.262193309,123.847979746,135.162950904,160.234018716,149.29163056,91.3063491861,141.634776311,149.734018716,152.669047558,83.1494949366,126.183766184,137.319805153]
frontiers: [613,462,428,290,402,228,361,555,299,281,250,283,606,445,344,403,367,555,335,511,397,391,371,344,288,209,264,508,251,255,543,514,529,441,126,370,486,332,320,363,340,166,401,190,215,214,180,265,191,294]
explored: [13685,16749,16566,15764,5418,16722,17568,14932,4844,16372,6584,8963,14448,7759,10436,11157,7629,6903,6983,17517,11499,14245,9460,10284,831,17962,16142,12302,16590,17959,9937,3343,5321,10738,19684,11297,7059,12735,9213,11906,16081,19064,14922,7543,14991,17212,16167,6159,14482,16704]

Average Time: 0.746259980202 seconds
Average Cost: 113.552265479
Average Frontier: 355 cells
Average Explored: 12176 cells
Total Time: 37.3129990101 seconds
