[algo=integrated_a_star]-[w1=4_0]-[w2=1_0]

sources: [0-0.grid,0-1.grid,0-2.grid,0-3.grid,0-4.grid,0-5.grid,0-6.grid,0-7.grid,0-8.grid,0-9.grid,1-0.grid,1-1.grid,1-2.grid,1-3.grid,1-4.grid,1-5.grid,1-6.grid,1-7.grid,1-8.grid,1-9.grid,2-0.grid,2-1.grid,2-2.grid,2-3.grid,2-4.grid,2-5.grid,2-6.grid,2-7.grid,2-8.grid,2-9.grid,3-0.grid,3-1.grid,3-2.grid,3-3.grid,3-4.grid,3-5.grid,3-6.grid,3-7.grid,3-8.grid,3-9.grid,4-0.grid,4-1.grid,4-2.grid,4-3.grid,4-4.grid,4-5.grid,4-6.grid,4-7.grid,4-8.grid,4-9.grid]
times: [0.0970001220703,0.0350000858307,0.135999917984,0.116999864578,0.0780000686646,0.155999898911,0.0520000457764,0.0859999656677,0.0820000171661,0.0810000896454,0.0980000495911,0.143000125885,0.148000001907,0.0789999961853,0.192000150681,0.168999910355,0.15499997139,0.168999910355,0.123999834061,0.029000043869,0.113999843597,0.0520000457764,0.149999856949,0.18499994278,0.0200002193451,0.194999933243,0.164999961853,0.177000045776,0.259999990463,0.0899999141693,0.0320000648499,0.0279998779297,0.131000041962,0.0679998397827,0.106999874115,0.191999912262,0.0429999828339,0.140000104904,0.105000019073,0.158999919891,0.109999895096,0.109999895096,0.134000062943,0.116000175476,0.126999855042,0.118000030518,0.164999961853,0.095999956131,0.077999830246,0.246999979019]
costs: [200.638347648,191.725288425,201.003463018,138.926406871,115.355339059,176.639610307,180.097871427,133.442279836,87.2769119346,152.911688245,158.432503526,120.988852712,175.142027305,105.058766184,145.395706961,156.537842585,119.680086528,109.534271247,154.654328933,154.002308679,161.618795027,141.697222151,142.122474683,161.420201898,38.0281745931,162.915367902,144.546464556,139.479076401,165.835678119,151.031745931,89.6850288425,117.796464556,130.604076401,120.922727215,165.096717088,131.867532368,140.803823869,126.439862838,134.639610307,138.439862838,162.460678119,183.166522241,164.296464556,129.639610307,158.061183182,161.232756057,168.546464556,127.225396744,133.526911935,173.01093065]
frontiers: [457,420,547,297,267,294,497,528,265,181,184,367,579,367,439,199,328,427,257,376,243,433,365,410,175,731,565,485,632,545,369,376,395,236,546,303,426,285,275,289,411,569,265,239,261,289,373,199,279,590]
explored: [885,262,1193,1044,703,1391,411,775,747,802,1006,1393,1265,619,1707,1721,1562,1557,1260,194,1222,422,1340,1694,101,1819,1434,1655,2336,787,230,195,1219,636,876,1883,342,1332,1027,1550,1031,950,1336,1171,1300,1083,1509,972,762,2147]

Average Time: 0.118799982071 seconds
Average Cost: 144.872034547
Average Frontier: 376 cells
Average Explored: 1097 cells
Total Time: 5.93999910355 seconds
