[algo=integrated_a_star]-[w1=2_0]-[w2=1_0]

sources: [0-0.grid,0-1.grid,0-2.grid,0-3.grid,0-4.grid,0-5.grid,0-6.grid,0-7.grid,0-8.grid,0-9.grid,1-0.grid,1-1.grid,1-2.grid,1-3.grid,1-4.grid,1-5.grid,1-6.grid,1-7.grid,1-8.grid,1-9.grid,2-0.grid,2-1.grid,2-2.grid,2-3.grid,2-4.grid,2-5.grid,2-6.grid,2-7.grid,2-8.grid,2-9.grid,3-0.grid,3-1.grid,3-2.grid,3-3.grid,3-4.grid,3-5.grid,3-6.grid,3-7.grid,3-8.grid,3-9.grid,4-0.grid,4-1.grid,4-2.grid,4-3.grid,4-4.grid,4-5.grid,4-6.grid,4-7.grid,4-8.grid,4-9.grid]
times: [21.3120000362,46.2909998894,28.6849999428,19.4259998798,7.45800018311,29.9730000496,41.6369998455,22.2730000019,7.27600002289,29.3409998417,10.7979998589,12.4570000172,50.492000103,13.2860000134,22.746999979,14.1340000629,7.28499984741,3.32999992371,10.7779998779,35.496999979,12.896999836,16.4889998436,10.6289999485,19.245000124,0.825999975204,47.8910000324,32.9879999161,24.0789999962,36.6349999905,34.6640000343,10.9079999924,5.61500000954,5.57999992371,10.3389999866,48.2669999599,12.6710000038,7.8029999733,13.9869999886,14.1840000153,12.743999958,32.2890000343,75.7100000381,16.629999876,19.6679999828,16.9210000038,47.8740000725,20.3849999905,10.5710000992,15.992000103,35.893999815]
costs: [155.14696962,146.390872965,163.356493399,144.919047558,94.127416998,149.493795027,170.083261121,129.600396744,88.7989898732,140.597979746,91.0845237792,112.998737342,157.836940777,114.683766184,141.74011537,132.958261121,104.80266953,91.591883092,105.898232278,142.161688245,124.526911935,135.71930009,137.297727215,123.705844123,54.5134559673,156.129833996,144.269552622,121.680086528,173.083261121,153.872474683,104.498737342,114.575901808,94.8700576851,120.040367902,163.372474683,122.833261121,133.229076401,122.762193309,133.575901808,132.583261121,175.360173055,180.830735804,161.497474683,111.919047558,152.933766184,165.533008589,170.039105243,106.191125497,138.654328933,161.046464556]
frontiers: [5206,3754,3073,1837,1491,1984,2907,3485,1426,2021,1728,1249,3841,2085,1974,1411,2360,1985,2072,3803,1600,3661,2030,1745,1191,1744,3141,1829,2455,2597,2906,2620,2160,1441,2021,1255,3077,1395,1282,1455,2672,1219,1770,1527,1634,2235,1936,2031,1685,2568]
explored: [6195,14173,8762,6894,2794,10490,12698,7114,2646,10550,3681,4362,15145,4566,7790,5102,2634,1239,3533,11758,4440,5214,3958,6942,291,15810,9274,8522,11434,10453,3274,2017,2043,3766,14789,4682,2742,5002,5114,4670,10442,25577,6030,6962,5998,16422,7226,3714,5610,11362]

Average Time: 22.0970199776 seconds
Average Cost: 133.388339047
Average Frontier: 2211 cells
Average Explored: 7318 cells
Total Time: 1104.85099888 seconds
