[algo=a_star]-[weight=1_0]-[diagonal_distance]

sources: [0-0.grid,0-1.grid,0-2.grid,0-3.grid,0-4.grid,0-5.grid,0-6.grid,0-7.grid,0-8.grid,0-9.grid,1-0.grid,1-1.grid,1-2.grid,1-3.grid,1-4.grid,1-5.grid,1-6.grid,1-7.grid,1-8.grid,1-9.grid,2-0.grid,2-1.grid,2-2.grid,2-3.grid,2-4.grid,2-5.grid,2-6.grid,2-7.grid,2-8.grid,2-9.grid,3-0.grid,3-1.grid,3-2.grid,3-3.grid,3-4.grid,3-5.grid,3-6.grid,3-7.grid,3-8.grid,3-9.grid,4-0.grid,4-1.grid,4-2.grid,4-3.grid,4-4.grid,4-5.grid,4-6.grid,4-7.grid,4-8.grid,4-9.grid]
times: [0.917000293732,1.04099988937,1.03200006485,1.27099990845,0.407999992371,1.08599996567,1.117000103,0.971999883652,0.34500002861,1.02599978447,0.456000089645,0.608999967575,0.947000026703,0.526000022888,0.703999996185,0.772000074387,0.53200006485,0.516000032425,0.464999914169,1.06200003624,0.822000026703,0.884999990463,0.756999969482,0.757999897003,0.0610001087189,1.1210000515,1.01299977303,0.891999721527,1.00500011444,1.07899999619,0.671999931335,0.338000059128,0.412999868393,0.712000131607,1.16299986839,0.740000009537,0.531000137329,0.822999954224,0.601999998093,0.785000085831,0.982999801636,1.13800001144,0.959000110626,0.493000030518,0.97200012207,1.10399985313,0.980000019073,0.405999898911,0.886000156403,1.01399993896]
costs: [129.484018716,116.392135624,134.193542495,116.634776311,87.3626983722,124.941125497,116.634776311,115.316125497,75.4632034356,115.470562748,81.8994949366,103.066125497,114.778174593,84.938708499,117.526911935,113.062445841,100.002416998,85.6421356237,91.8994949366,121.55266953,108.558766184,110.995057685,112.29163056,113.634776311,38.0281745931,140.987698372,117.159271247,114.370057685,137.16663056,132.409271247,88.6923881554,96.1494949366,82.3626983722,103.470562748,130.191125497,112.605339059,104.634776311,113.847979746,123.262193309,123.847979746,135.162950904,160.234018716,149.29163056,91.3063491861,141.634776311,149.734018716,152.669047558,83.1494949366,126.183766184,137.319805153]
frontiers: [506,341,365,266,392,222,264,416,369,246,294,336,526,424,362,428,345,499,287,449,283,285,422,438,269,183,217,448,231,246,523,491,522,496,112,399,514,358,347,423,282,136,326,211,169,232,170,240,184,253]
explored: [15155,17220,16876,16487,6378,17515,17849,15598,5681,16989,7451,10096,15611,8713,11787,12754,8821,8404,7798,17716,13637,14667,11191,11844,869,17896,16238,14265,16719,17865,11029,5615,6730,11676,19370,12252,8719,13676,10101,12938,16448,18879,15707,8005,15410,17432,16476,6670,14833,16922]

Average Time: 0.798219995499 seconds
Average Cost: 113.552265479
Average Frontier: 334 cells
Average Explored: 12979 cells
Total Time: 39.9109997749 seconds
