[algo=integrated_a_star]-[w1=1_25]-[w2=2_0]

sources: [0-0.grid,0-1.grid,0-2.grid,0-3.grid,0-4.grid,0-5.grid,0-6.grid,0-7.grid,0-8.grid,0-9.grid,1-0.grid,1-1.grid,1-2.grid,1-3.grid,1-4.grid,1-5.grid,1-6.grid,1-7.grid,1-8.grid,1-9.grid,2-0.grid,2-1.grid,2-2.grid,2-3.grid,2-4.grid,2-5.grid,2-6.grid,2-7.grid,2-8.grid,2-9.grid,3-0.grid,3-1.grid,3-2.grid,3-3.grid,3-4.grid,3-5.grid,3-6.grid,3-7.grid,3-8.grid,3-9.grid,4-0.grid,4-1.grid,4-2.grid,4-3.grid,4-4.grid,4-5.grid,4-6.grid,4-7.grid,4-8.grid,4-9.grid]
times: [0.192999839783,0.255999803543,0.43799996376,0.128999948502,0.0920000076294,0.200000047684,0.254999876022,0.34500002861,0.111000061035,0.161999940872,0.0650000572205,0.105999946594,0.887000083923,0.055999994278,0.365999937057,0.233000040054,0.371000051498,0.174999952316,0.0650000572205,0.047000169754,0.22000002861,0.44000005722,0.15399980545,0.0799999237061,0.0250000953674,0.453999996185,0.596999883652,0.154000043869,0.715000152588,0.118000030518,0.055999994278,0.128999948502,0.205000162125,0.0620000362396,0.0680000782013,0.276999950409,0.24799990654,0.271999835968,0.12700009346,0.204999923706,0.157999992371,0.294000148773,0.118999958038,0.150000095367,0.125,0.140000104904,0.15399980545,0.149999856949,0.136999845505,0.393000125885]
costs: [222.969191771,178.112590053,183.298881554,143.090620434,120.183766184,168.247474683,183.847871427,184.983910397,113.840620434,144.583261121,112.840620434,121.747474683,199.155483272,96.7842712475,154.89696962,130.189862838,133.982756057,174.43860018,135.053823869,150.306240867,146.868795027,164.847979746,156.575901808,140.183766184,48.0208152802,169.621212025,185.253571337,145.661688245,188.639610307,180.194696834,145.963095117,189.611327395,123.822222151,129.029328933,148.352813742,135.325901808,208.711832458,132.99011537,135.982756057,138.822222151,158.232756057,171.919047558,169.546464556,128.404328933,159.889610307,165.747474683,167.068542495,128.911688245,135.276911935,170.626154339]
frontiers: [2675,2062,3520,1025,839,1279,2210,2138,1072,1118,799,1344,2699,918,1646,1809,2971,1464,1204,1353,1459,2283,1489,1259,532,1868,2472,1494,2989,1813,1432,1943,2102,892,1399,1559,2547,1377,1536,1659,1323,2109,1216,1701,1220,1115,1301,1454,983,2173]
explored: [1221,1544,2021,1200,891,1753,1609,1992,1001,1384,481,620,2252,339,1836,1070,1724,1408,452,287,1529,2900,1227,524,122,3378,3189,1039,3769,627,387,1109,1747,547,444,1625,1673,1723,1079,1277,1103,1891,1044,1172,1249,1341,1510,1132,1279,1855]

Average Time: 0.219559993744 seconds
Average Cost: 152.453138444
Average Frontier: 1656 cells
Average Explored: 1371 cells
Total Time: 10.9779996872 seconds
