[algo=a_star]-[weight=2_0]-[manhattan]

sources: [0-0.grid,0-1.grid,0-2.grid,0-3.grid,0-4.grid,0-5.grid,0-6.grid,0-7.grid,0-8.grid,0-9.grid,1-0.grid,1-1.grid,1-2.grid,1-3.grid,1-4.grid,1-5.grid,1-6.grid,1-7.grid,1-8.grid,1-9.grid,2-0.grid,2-1.grid,2-2.grid,2-3.grid,2-4.grid,2-5.grid,2-6.grid,2-7.grid,2-8.grid,2-9.grid,3-0.grid,3-1.grid,3-2.grid,3-3.grid,3-4.grid,3-5.grid,3-6.grid,3-7.grid,3-8.grid,3-9.grid,4-0.grid,4-1.grid,4-2.grid,4-3.grid,4-4.grid,4-5.grid,4-6.grid,4-7.grid,4-8.grid,4-9.grid]
times: [0.414999961853,0.389999866486,0.282999992371,0.602999925613,0.263000011444,0.611000061035,0.342000007629,0.227999925613,0.230000019073,0.596999883652,0.226000070572,0.345999956131,0.412999868393,0.253000020981,0.478999853134,0.381999969482,0.223999977112,0.144999980927,0.259000062943,0.568000078201,0.34299993515,0.550999879837,0.3109998703,0.421000003815,0.0139999389648,0.768000125885,0.56299996376,0.486000061035,0.605000019073,0.553999900818,0.144999980927,0.134999752045,0.171000003815,0.489000082016,1.04699993134,0.378999948502,0.140000104904,0.413000106812,0.441999912262,0.391999959946,0.823999881744,1.0759999752,0.618000030518,0.326999902725,0.582000017166,0.795000314713,0.661999940872,0.259999990463,0.547999858856,0.791000127792]
costs: [131.533008589,120.169047558,136.992532368,117.127416998,88.9852813742,124.941125497,117.620057685,119.843037432,77.2695526217,115.634776311,81.8994949366,104.215620434,134.062445841,85.7597763109,118.840620434,113.71930009,100.330844123,85.6421356237,92.2279220614,122.866378029,108.558766184,111.687445841,112.620057685,115.026911935,38.0281745931,142.580844123,117.851659403,114.534271247,143.955844123,133.680086528,89.0208152802,100.083261121,82.5269119346,111.526911935,132.49011537,112.605339059,107.919047558,113.847979746,124.083261121,123.847979746,136.476659403,160.805086528,149.29163056,92.941125497,142.298989873,151.783008589,154.54163056,86.5979797464,127.056349186,138.797727215]
frontiers: [1129,871,832,363,337,414,885,796,368,357,447,255,764,462,347,233,375,535,563,1003,297,1149,405,343,311,552,1396,356,524,819,716,667,491,620,708,265,796,268,240,269,668,321,393,492,351,374,372,558,361,674]
explored: [6757,6003,4688,9540,4100,10175,5529,3768,3773,10058,3695,5758,6860,4139,8124,6344,3744,2270,4241,8813,5472,8626,4883,6492,119,12353,9162,7761,9941,8963,2323,2154,2776,8195,17057,6264,2279,6919,7175,6567,13449,17896,10131,5460,9587,13070,11192,4323,9211,13261]

Average Time: 0.442179980278 seconds
Average Cost: 115.33492492
Average Frontier: 541 cells
Average Explored: 7228 cells
Total Time: 22.1089990139 seconds
