[algo=integrated_a_star]-[w1=1_25]-[w2=4_0]

sources: [0-0.grid,0-1.grid,0-2.grid,0-3.grid,0-4.grid,0-5.grid,0-6.grid,0-7.grid,0-8.grid,0-9.grid,1-0.grid,1-1.grid,1-2.grid,1-3.grid,1-4.grid,1-5.grid,1-6.grid,1-7.grid,1-8.grid,1-9.grid,2-0.grid,2-1.grid,2-2.grid,2-3.grid,2-4.grid,2-5.grid,2-6.grid,2-7.grid,2-8.grid,2-9.grid,3-0.grid,3-1.grid,3-2.grid,3-3.grid,3-4.grid,3-5.grid,3-6.grid,3-7.grid,3-8.grid,3-9.grid,4-0.grid,4-1.grid,4-2.grid,4-3.grid,4-4.grid,4-5.grid,4-6.grid,4-7.grid,4-8.grid,4-9.grid]
times: [30.9349999428,41.5130000114,38.763999939,27.5320000648,9.59999990463,32.1879999638,37.4319999218,33.8860001564,9.79000020027,33.5290000439,12.9400000572,16.3820002079,39.364000082,15.7950000763,22.4559998512,20.6440000534,13.6460001469,6.72500014305,13.4809999466,38.5390000343,20.8930001259,26.7059998512,16.8830001354,23.2879998684,0.762000083923,41.0810000896,37.495000124,22.9430000782,38.7339999676,39.0869998932,19.6949999332,8.60199999809,10.4409999847,21.243999958,46.3109998703,19.6319999695,19.621999979,21.5449998379,19.8659999371,22.6819999218,36.0479998589,42.129999876,30.9040000439,16.0050001144,30.3190000057,36.1019999981,33.4170000553,13.743999958,26.3280000687,38.3880000114]
costs: [158.148232278,148.333261121,174.672727215,139.502416998,99.7279220614,143.580844123,157.004833996,144.455844123,89.5489898732,147.534271247,92.8063491861,114.787950904,142.205844123,105.009776311,146.327164466,132.694805153,111.095562748,94.6776695297,103.92766953,158.09430009,129.394552622,126.284271247,136.683766184,135.548989873,46.9852813742,173.797727215,137.398232278,130.773232278,153.284271247,152.730339059,99.7708152802,112.127416998,96.3994949366,122.926406871,154.034271247,128.284271247,131.784271247,128.79163056,145.780591591,138.262193309,161.618795027,199.058766184,170.519552622,111.627416998,161.370057685,173.583261121,173.183766184,109.112698372,140.284271247,161.290367902]
frontiers: [4004,2687,2926,2465,1765,2333,3209,2734,1705,2552,1595,1639,3632,2148,1984,1416,2360,2210,1729,3077,1955,3955,2275,2105,1165,1596,3015,2040,1805,1784,3132,2722,2770,2222,1317,1741,4063,1431,1696,1757,2208,1180,1850,1385,2043,1446,1657,1416,2212,2069]
explored: [9254,12621,12461,9510,3678,10634,11825,10874,3626,11066,4566,5716,11170,5458,7794,7172,4766,2418,4742,12605,7354,8157,6222,7954,279,13497,11405,7986,12034,12377,6110,3053,3708,7398,14493,7042,6134,7614,7146,7954,12057,14620,10610,5690,10378,12318,11286,4946,9094,12737]

Average Time: 25.5207600069 seconds
Average Cost: 134.936548302
Average Frontier: 2203 cells
Average Explored: 8472 cells
Total Time: 1276.03800035 seconds
