[algo=a_star]-[weight=1_25]-[diagonal_distance]

sources: [0-0.grid,0-1.grid,0-2.grid,0-3.grid,0-4.grid,0-5.grid,0-6.grid,0-7.grid,0-8.grid,0-9.grid,1-0.grid,1-1.grid,1-2.grid,1-3.grid,1-4.grid,1-5.grid,1-6.grid,1-7.grid,1-8.grid,1-9.grid,2-0.grid,2-1.grid,2-2.grid,2-3.grid,2-4.grid,2-5.grid,2-6.grid,2-7.grid,2-8.grid,2-9.grid,3-0.grid,3-1.grid,3-2.grid,3-3.grid,3-4.grid,3-5.grid,3-6.grid,3-7.grid,3-8.grid,3-9.grid,4-0.grid,4-1.grid,4-2.grid,4-3.grid,4-4.grid,4-5.grid,4-6.grid,4-7.grid,4-8.grid,4-9.grid]
times: [0.801000118256,0.963000059128,0.996000051498,0.941999912262,0.332999944687,1.00900006294,1.04299998283,0.917999982834,0.311999797821,1.02700018883,0.442999839783,0.569000005722,0.865000009537,0.467000007629,0.645999908447,0.667000055313,0.484999895096,0.441999912262,0.445999860764,0.996999979019,0.737999916077,0.842000007629,0.583999872208,0.661999940872,0.0260000228882,1.05400013924,0.976999998093,0.758000135422,0.980000019073,1.03900003433,0.587999820709,0.246999979019,0.347999811172,0.618000030518,1.14699983597,0.661999940872,0.426000118256,0.740999937057,0.56299996376,0.693000078201,0.963999986649,1.18499994278,0.934000015259,0.480000019073,0.899999856949,1.03499984741,0.958999872208,0.37700009346,0.862999916077,1.00600004196]
costs: [129.484018716,116.556349186,134.193542495,116.634776311,87.3626983722,124.941125497,116.798989873,115.316125497,75.4632034356,115.470562748,81.8994949366,103.230339059,114.778174593,84.938708499,117.526911935,113.062445841,100.002416998,85.6421356237,91.8994949366,121.55266953,108.558766184,110.995057685,112.29163056,113.634776311,38.0281745931,140.987698372,117.159271247,114.370057685,137.16663056,132.409271247,88.6923881554,96.3063491861,82.3626983722,103.470562748,130.191125497,112.605339059,104.634776311,113.847979746,123.262193309,123.847979746,135.162950904,160.234018716,149.29163056,91.627416998,141.634776311,149.734018716,152.669047558,83.1494949366,126.183766184,137.319805153]
frontiers: [716,476,441,323,360,223,437,482,324,276,263,301,513,378,352,300,354,641,342,574,369,402,470,351,347,223,270,459,246,285,523,528,529,425,164,337,507,350,282,316,316,191,258,189,205,201,179,282,176,280]
explored: [12992,15902,15742,15549,5510,16657,16775,14331,4899,16094,6597,9042,13633,7627,10456,10788,7920,6712,6833,16077,12263,13847,9618,10474,289,17434,15746,12465,16219,17134,9590,4058,5635,10256,18949,10955,6876,12207,9280,11447,15653,18614,14822,7428,14881,16897,16017,6134,14386,16391]

Average Time: 0.735339975357 seconds
Average Cost: 113.571676734
Average Frontier: 354 cells
Average Explored: 11922 cells
Total Time: 36.7669987679 seconds
