[algo=integrated_a_star]-[w1=1_25]-[w2=1_25]

sources: [0-0.grid,0-1.grid,0-2.grid,0-3.grid,0-4.grid,0-5.grid,0-6.grid,0-7.grid,0-8.grid,0-9.grid,1-0.grid,1-1.grid,1-2.grid,1-3.grid,1-4.grid,1-5.grid,1-6.grid,1-7.grid,1-8.grid,1-9.grid,2-0.grid,2-1.grid,2-2.grid,2-3.grid,2-4.grid,2-5.grid,2-6.grid,2-7.grid,2-8.grid,2-9.grid,3-0.grid,3-1.grid,3-2.grid,3-3.grid,3-4.grid,3-5.grid,3-6.grid,3-7.grid,3-8.grid,3-9.grid,4-0.grid,4-1.grid,4-2.grid,4-3.grid,4-4.grid,4-5.grid,4-6.grid,4-7.grid,4-8.grid,4-9.grid]
times: [33.263999939,58.5460000038,40.8550000191,30.0640001297,10.6129999161,37.5789999962,60.3099999428,36.3629999161,9.99199986458,47.0629999638,14.271999836,17.0529999733,32.9010000229,18.6400001049,31.8169999123,22.9680001736,14.1710000038,8.04999995232,15.6370000839,43.2880001068,22.2049999237,50.5580000877,19.8729999065,22.4470000267,1.12099981308,44.890999794,41.0199999809,26.4240000248,42.4470000267,47.8210000992,20.4400000572,8.69200015068,9.60000014305,17.4460000992,83.4370000362,25.2209999561,19.9069998264,23.9489998817,19.9530000687,24.6679999828,64.5820000172,52.5950000286,29.6740000248,19.0550000668,43.8480000496,44.8580000401,42.9760000706,12.8809998035,26.8880000114,38.3509998322]
costs: [156.762193309,156.24011537,165.512193309,130.884776311,98.4779220614,142.409271247,164.562445841,136.370057685,89.1347763109,149.501154339,89.8492424049,111.263455967,137.506096654,105.224242405,135.741378029,130.847979746,107.224242405,94.6850288425,107.091883092,147.465620434,134.202164466,139.991378029,135.495057685,133.384776311,52.1066017178,168.151911935,147.773232278,125.787950904,159.901911935,157.283008589,100.149494937,115.377416998,95.0563491861,125.612698372,156.370057685,132.976659403,128.069805153,131.112698372,138.359018716,141.705844123,167.176406871,196.941125497,168.526911935,118.455844123,162.004833996,177.933766184,173.526911935,100.798989873,144.112698372,155.691125497]
frontiers: [4320,2914,3447,3062,1610,2081,2430,3004,1800,2748,1586,1546,3008,2351,1850,1633,2380,2261,1860,3550,1701,2483,2255,2075,1185,1676,1846,2176,1876,1938,3142,3015,2744,1680,1327,2010,3791,1645,1519,1923,2125,1156,1940,984,2100,1459,1841,1692,2133,2212]
explored: [9094,17213,12154,9042,3502,10962,17670,10461,3622,14226,4434,5314,9158,5794,10130,7246,4510,2593,4922,12841,7234,14590,6370,7026,377,13132,12070,8134,12518,14105,6286,3136,3335,6066,25297,8078,5686,7714,6618,7978,20422,16477,9826,6418,13766,14098,14330,4722,9466,13281]

Average Time: 30.6254799938 seconds
Average Cost: 134.815814537
Average Frontier: 2181 cells
Average Explored: 9468 cells
Total Time: 1531.27399969 seconds
