[algo=sequential_a_star]-[w1=2_0]-[w2=2_0]

sources: [0-0.grid,0-1.grid,0-2.grid,0-3.grid,0-4.grid,0-5.grid,0-6.grid,0-7.grid,0-8.grid,0-9.grid,1-0.grid,1-1.grid,1-2.grid,1-3.grid,1-4.grid,1-5.grid,1-6.grid,1-7.grid,1-8.grid,1-9.grid,2-0.grid,2-1.grid,2-2.grid,2-3.grid,2-4.grid,2-5.grid,2-6.grid,2-7.grid,2-8.grid,2-9.grid,3-0.grid,3-1.grid,3-2.grid,3-3.grid,3-4.grid,3-5.grid,3-6.grid,3-7.grid,3-8.grid,3-9.grid,4-0.grid,4-1.grid,4-2.grid,4-3.grid,4-4.grid,4-5.grid,4-6.grid,4-7.grid,4-8.grid,4-9.grid]
times: [0.22100019455,0.239000082016,0.235000133514,0.217000007629,0.0659999847412,0.0989999771118,0.210000038147,0.222999811172,0.0599999427795,0.0879998207092,0.192000150681,0.0719997882843,0.095999956131,0.212000131607,0.213999986649,0.0640001296997,0.0699999332428,0.211999893188,0.0929999351501,0.0899999141693,0.0770001411438,0.202000141144,0.100000143051,0.0980000495911,0.177000045776,0.229000091553,0.0910000801086,0.100000143051,0.101999998093,0.210000038147,0.212000131607,0.225000143051,0.0859999656677,0.0640001296997,0.216000080109,0.0650000572205,0.195999860764,0.201999902725,0.0859999656677,0.0859999656677,0.204999923706,0.230000019073,0.0830001831055,0.0709998607635,0.203000068665,0.242000102997,0.0929999351501,0.0670001506805,0.0720000267029,0.0859999656677,]
costs: [223.847763109,204.656637612,213.580627485,131.213203436,115.254833996,176.053823869,203.488744393,189.010822331,108.669047558,145.597979746,148.976659403,149.24011537,220.076947828,173.568542495,177.047727215,174.660425587,168.882250994,171.254833996,177.746212025,168.943434176,153.597979746,188.695851174,178.825901808,177.89696962,38.1066017178,202.634559673,174.007142675,179.254833996,201.720346111,201.535317268,173.831890143,191.373520704,138.044047558,119.497474683,180.871103706,122.562445841,187.906637612,117.183766184,128.769552622,140.982756057,210.019335984,229.119841047,165.367532368,130.432503526,158.367532368,161.882250994,156.526911935,124.154328933,132.355339059,188.650540957]
frontiers: [1620,1360,1533,902,790,1119,1470,1292,716,988,752,838,1537,1062,1117,644,880,1039,1140,1378,929,1315,1144,1059,707,1483,1422,1190,1559,1431,1308,1346,921,757,1467,796,1462,801,828,856,1411,1488,1101,814,1054,1142,1163,772,916,1363]
explored: [630,538,622,502,408,628,604,566,380,538,550,438,610,572,574,480,460,590,604,582,514,554,594,588,396,604,574,618,646,590,514,514,486,396,598,410,596,406,442,456,542,608,572,424,544,620,590,404,488,562]

Average Time: 0.14298002243 seconds
Average Cost: 165.918908974
Average Frontier: 1123 cells
Average Explored: 534 cells
Total Time: 7.14900112152 seconds
