[algo=sequential_a_star]-[w1=2_0]-[w2=4_0]

sources: [0-0.grid,0-1.grid,0-2.grid,0-3.grid,0-4.grid,0-5.grid,0-6.grid,0-7.grid,0-8.grid,0-9.grid,1-0.grid,1-1.grid,1-2.grid,1-3.grid,1-4.grid,1-5.grid,1-6.grid,1-7.grid,1-8.grid,1-9.grid,2-0.grid,2-1.grid,2-2.grid,2-3.grid,2-4.grid,2-5.grid,2-6.grid,2-7.grid,2-8.grid,2-9.grid,3-0.grid,3-1.grid,3-2.grid,3-3.grid,3-4.grid,3-5.grid,3-6.grid,3-7.grid,3-8.grid,3-9.grid,4-0.grid,4-1.grid,4-2.grid,4-3.grid,4-4.grid,4-5.grid,4-6.grid,4-7.grid,4-8.grid,4-9.grid]
times: [0.104000091553,0.0810000896454,0.217000007629,0.0899999141693,0.0639998912811,0.22100019455,0.223999977112,0.210000038147,0.0590000152588,0.085000038147,0.0840001106262,0.0710000991821,0.227999925613,0.230000019073,0.0859999656677,0.0639998912811,0.186000108719,0.0950000286102,0.0889999866486,0.206000089645,0.191999912262,0.0839998722076,0.0969998836517,0.214999914169,0.197999954224,0.0920000076294,0.0880000591278,0.0989999771118,0.217000007629,0.210999965668,0.211999893188,0.0870001316071,0.0789999961853,0.174999952316,0.0950000286102,0.0640001296997,0.224999904633,0.0679998397827,0.0699999332428,0.0800001621246,0.0859999656677,0.0929999351501,0.197999954224,0.199000120163,0.0829999446869,0.0999999046326,0.198000192642,0.195999860764,0.0700001716614,0.0939998626709]
costs: [223.847763109,204.656637612,213.580627485,131.213203436,115.254833996,176.053823869,203.488744393,189.010822331,108.669047558,145.597979746,148.976659403,149.24011537,220.076947828,173.568542495,177.047727215,174.660425587,168.882250994,171.254833996,177.746212025,168.943434176,153.597979746,188.695851174,178.825901808,177.89696962,38.1066017178,202.634559673,174.007142675,179.254833996,201.720346111,201.535317268,173.831890143,191.373520704,138.044047558,119.497474683,180.871103706,122.562445841,187.906637612,117.183766184,128.769552622,140.982756057,210.019335984,229.119841047,165.367532368,130.432503526,158.367532368,161.882250994,156.526911935,124.154328933,132.355339059,188.650540957]
frontiers: [1620,1359,1457,902,790,1119,1473,1292,716,988,752,835,1537,1062,1118,644,880,1066,1138,1378,959,1315,1144,1059,707,1483,1423,1190,1559,1429,1301,1346,924,757,1470,797,1462,801,828,856,1411,1488,1104,814,1054,1144,1163,772,916,1363]
explored: [630,538,622,502,408,628,604,566,380,538,550,438,610,572,574,480,460,590,604,582,514,554,594,588,396,604,574,618,646,590,514,514,486,396,598,410,596,406,442,456,542,608,572,424,544,620,590,404,488,562]

Average Time: 0.133179998398 seconds
Average Cost: 165.918908974
Average Frontier: 1123 cells
Average Explored: 534 cells
Total Time: 6.65899991989 seconds
