[algo=sequential_a_star]-[w1=1_0]-[w2=2_0]

sources: [0-0.grid,0-1.grid,0-2.grid,0-3.grid,0-4.grid,0-5.grid,0-6.grid,0-7.grid,0-8.grid,0-9.grid,1-0.grid,1-1.grid,1-2.grid,1-3.grid,1-4.grid,1-5.grid,1-6.grid,1-7.grid,1-8.grid,1-9.grid,2-0.grid,2-1.grid,2-2.grid,2-3.grid,2-4.grid,2-5.grid,2-6.grid,2-7.grid,2-8.grid,2-9.grid,3-0.grid,3-1.grid,3-2.grid,3-3.grid,3-4.grid,3-5.grid,3-6.grid,3-7.grid,3-8.grid,3-9.grid,4-0.grid,4-1.grid,4-2.grid,4-3.grid,4-4.grid,4-5.grid,4-6.grid,4-7.grid,4-8.grid,4-9.grid]
times: [1.24699997902,2.58899998665,0.188999891281,1.30599999428,0.394999980927,2.42499995232,2.15200018883,0.21799993515,0.449999809265,1.7009999752,1.43600010872,2.51999998093,1.04999995232,0.65900015831,10.4049999714,3.81700015068,1.44499993324,0.650000095367,2.15199995041,0.200999975204,1.57299995422,0.430000066757,0.56500005722,1.36500000954,0.0659999847412,1.20499992371,0.667000055313,0.730000019073,2.46499991417,1.23000001907,0.202000141144,0.445000171661,1.21300005913,0.617000102997,1.4470000267,2.8140001297,1.08399987221,3.6970000267,2.03999996185,4.96700000763,2.2990000248,2.40499997139,2.16799998283,1.24499988556,1.5759999752,1.66400003433,2.2460000515,1.66199994087,0.540999889374,7.51999998093]
costs: [184.744949366,148.512193309,150.911688245,131.634776311,107.306349186,164.29163056,146.504833996,129.012193309,101.548989873,146.44848481,147.362698372,117.422727215,182.683766184,99.6347763109,159.297727215,147.368795027,108.287950904,104.276911935,146.441125497,150.133513652,123.536688245,125.672727215,119.870057685,132.176406871,38.0281745931,150.359018716,126.976659403,121.433766184,148.377416998,148.751154339,92.1776695297,109.64696962,108.077164466,117.023232278,158.083261121,118.191125497,143.2927849,116.769552622,131.208261121,132.273232278,151.433766184,171.855339059,155.269552622,119.769552622,145.870057685,164.676406871,158.612698372,119.148232278,127.056349186,147.697222151]
frontiers: [1965,2319,1484,1522,1208,1753,2610,1407,1096,1162,1518,1615,2353,1629,1515,1106,1144,1347,1969,1455,1340,1826,1604,1825,674,2801,2129,1823,3237,2556,1330,960,1237,1133,2685,1408,1952,1550,1346,1325,2059,2523,1373,1104,1356,1343,1762,1141,1168,2466]
explored: [4043,5996,1036,3994,1892,5970,5492,1172,2080,5320,4432,6000,3468,2764,13278,8020,4268,2727,5516,1112,4963,1980,2276,4242,412,3700,2562,2834,4992,3849,1078,2226,4218,2664,4092,6516,3438,7186,5600,9100,5728,5344,5384,4296,4860,4792,5808,5056,2312,10506]

Average Time: 1.7831000042 seconds
Average Cost: 133.94281164
Average Frontier: 1664 cells
Average Explored: 4411 cells
Total Time: 89.1550002098 seconds
