[algo=integrated_a_star]-[w1=1_0]-[w2=2_0]

sources: [0-0.grid,0-1.grid,0-2.grid,0-3.grid,0-4.grid,0-5.grid,0-6.grid,0-7.grid,0-8.grid,0-9.grid,1-0.grid,1-1.grid,1-2.grid,1-3.grid,1-4.grid,1-5.grid,1-6.grid,1-7.grid,1-8.grid,1-9.grid,2-0.grid,2-1.grid,2-2.grid,2-3.grid,2-4.grid,2-5.grid,2-6.grid,2-7.grid,2-8.grid,2-9.grid,3-0.grid,3-1.grid,3-2.grid,3-3.grid,3-4.grid,3-5.grid,3-6.grid,3-7.grid,3-8.grid,3-9.grid,4-0.grid,4-1.grid,4-2.grid,4-3.grid,4-4.grid,4-5.grid,4-6.grid,4-7.grid,4-8.grid,4-9.grid]
times: [32.5290000439,41.5090000629,35.8250000477,30.989000082,10.492000103,37.0039999485,41.3209998608,34.2159998417,9.27699995041,37.8929998875,13.385999918,20.4800000191,31.5309998989,16.4900000095,19.1770000458,23.2339999676,18.0110001564,8.32399988174,14.6790001392,37.1370000839,24.3329999447,33.0399999619,20.638999939,24.754999876,0.952000141144,38.9979999065,36.8240001202,25.2190001011,39.013999939,37.7130000591,23.3250000477,10.2230000496,11.1019999981,23.4720001221,46.4690001011,23.3920001984,17.9730000496,28.3049998283,21.1480000019,23.5600001812,34.8659999371,39.5499999523,32.6690001488,17.2159998417,30.631000042,37.7009999752,34.2329998016,14.7679998875,32.4869999886,35.5499999523]
costs: [151.012193309,156.612698372,160.012193309,139.213203436,101.384776311,139.431349186,154.976659403,135.691125497,88.813708499,148.019552622,89.6568542495,118.627416998,124.67766953,96.9031745931,140.234018716,137.819805153,115.638455967,93.4276695297,104.006096654,145.655591591,125.67766953,133.459523779,130.209523779,132.213203436,38.8566017178,172.444805153,140.537950904,129.519552622,158.709523779,153.616378029,97.7205627485,111.298989873,91.5845237792,121.849242405,149.569805153,127.726659403,117.091883092,131.280591591,141.909271247,142.183766184,161.71930009,181.341883092,168.377416998,116.784271247,164.519552622,173.234018716,177.426406871,99.9632034356,146.04163056,156.347979746]
frontiers: [3929,2076,2790,2403,2156,1502,2174,2640,2025,1640,1740,1713,3168,2465,1789,1635,2155,2875,1806,3075,2290,2468,3135,2315,1450,1482,1542,2155,1685,1671,3448,2882,2777,2845,727,2100,3380,1751,1775,1751,1835,1123,1551,1160,1196,1406,1120,1521,1270,2005]
explored: [10226,13969,12101,10958,4214,12786,13753,11949,3810,12862,5026,7252,9782,5914,7386,8478,6690,3198,5330,12517,8730,11186,7766,9022,373,14053,12458,9046,13258,12849,7082,3850,4154,8449,15329,8730,5930,9078,7173,7966,12934,14228,11846,6438,11318,13170,12166,4990,10982,12922]

Average Time: 26.6726200008 seconds
Average Cost: 132.70059809
Average Frontier: 2071 cells
Average Explored: 9313 cells
Total Time: 1333.63100004 seconds
