[algo=a_star]-[weight=1_0]-[approx_distance]

sources: [0-0.grid,0-1.grid,0-2.grid,0-3.grid,0-4.grid,0-5.grid,0-6.grid,0-7.grid,0-8.grid,0-9.grid,1-0.grid,1-1.grid,1-2.grid,1-3.grid,1-4.grid,1-5.grid,1-6.grid,1-7.grid,1-8.grid,1-9.grid,2-0.grid,2-1.grid,2-2.grid,2-3.grid,2-4.grid,2-5.grid,2-6.grid,2-7.grid,2-8.grid,2-9.grid,3-0.grid,3-1.grid,3-2.grid,3-3.grid,3-4.grid,3-5.grid,3-6.grid,3-7.grid,3-8.grid,3-9.grid,4-0.grid,4-1.grid,4-2.grid,4-3.grid,4-4.grid,4-5.grid,4-6.grid,4-7.grid,4-8.grid,4-9.grid]
times: [0.969999790192,1.08000016212,1.05599975586,1.01300001144,0.408000230789,1.07299995422,1.09600019455,0.956999778748,0.352999925613,1.06299996376,0.474999904633,0.626000165939,1.04800009727,0.621999979019,0.750999927521,0.826999902725,0.540999889374,0.547999858856,0.479000091553,1.14099979401,0.842000007629,0.912999868393,0.703999996185,0.746999979019,0.0649998188019,1.10499978065,1.0039999485,0.891999959946,1.03200006485,1.12800002098,0.741999864578,0.376000165939,0.447000026703,0.776000022888,1.24300003052,0.756999969482,0.560000181198,0.836999893188,0.615000009537,0.797000169754,1.03799986839,1.14400005341,0.953999996185,0.49599981308,0.934000015259,1.06699991226,1.00000023842,0.415999889374,0.907999992371,1.08399987221]
costs: [129.484018716,116.392135624,134.193542495,116.634776311,87.3626983722,125.433766184,116.634776311,115.316125497,75.4632034356,115.634776311,82.063708499,103.066125497,114.778174593,84.938708499,117.526911935,113.062445841,100.002416998,85.6421356237,91.8994949366,121.55266953,108.558766184,110.995057685,112.29163056,113.634776311,38.0281745931,140.987698372,117.159271247,114.370057685,137.16663056,132.409271247,88.6923881554,96.1494949366,82.3626983722,103.470562748,130.191125497,112.605339059,104.634776311,113.847979746,123.262193309,123.847979746,135.162950904,160.234018716,149.29163056,91.3063491861,141.634776311,149.734018716,152.669047558,83.1494949366,126.183766184,137.319805153]
frontiers: [500,323,366,248,405,248,252,395,346,245,322,343,503,402,345,434,339,519,275,427,292,290,412,430,252,178,226,431,215,269,525,518,569,521,107,404,580,393,328,414,266,134,347,202,178,227,179,234,186,261]
explored: [15549,17403,17049,16684,6536,17669,17980,15785,5811,17177,7598,10255,15830,8902,11980,13113,8910,8674,7921,17839,13791,14852,11408,12076,972,18048,16423,14509,16915,17992,11244,5882,7002,11938,19377,12429,9012,13866,10227,13141,16616,18979,15859,8151,15517,17528,16566,6771,14961,17086]

Average Time: 0.814999976158 seconds
Average Cost: 113.568686835
Average Frontier: 336 cells
Average Explored: 13156 cells
Total Time: 40.7499988079 seconds
