[algo=integrated_a_star]-[w1=2_0]-[w2=2_0]

sources: [0-0.grid,0-1.grid,0-2.grid,0-3.grid,0-4.grid,0-5.grid,0-6.grid,0-7.grid,0-8.grid,0-9.grid,1-0.grid,1-1.grid,1-2.grid,1-3.grid,1-4.grid,1-5.grid,1-6.grid,1-7.grid,1-8.grid,1-9.grid,2-0.grid,2-1.grid,2-2.grid,2-3.grid,2-4.grid,2-5.grid,2-6.grid,2-7.grid,2-8.grid,2-9.grid,3-0.grid,3-1.grid,3-2.grid,3-3.grid,3-4.grid,3-5.grid,3-6.grid,3-7.grid,3-8.grid,3-9.grid,4-0.grid,4-1.grid,4-2.grid,4-3.grid,4-4.grid,4-5.grid,4-6.grid,4-7.grid,4-8.grid,4-9.grid]
times: [28.2929999828,28.7460000515,30.0329999924,19.1279997826,7.27700018883,24.3340001106,33.7710001469,20.5699999332,7.84999990463,19.246999979,9.87299990654,12.0430002213,34.5099999905,13.9389998913,16.7350001335,13.9820001125,7.29400014877,4.1289999485,10.4509999752,36.2720000744,14.3550000191,19.0850000381,11.5399999619,14.8429999352,1.48600006104,40.3959999084,19.6889998913,15.4479999542,19.9799997807,35.7090001106,16.3949999809,9.99500012398,5.8149998188,11.2279999256,41.1930000782,13.5399999619,7.57999992371,15.1459999084,13.6180000305,13.5859999657,31.5140001774,45.5329999924,16.2239999771,14.4379999638,17.3359999657,22.606000185,23.5839998722,11.6669998169,16.4660000801,35.4200000763]
costs: [174.346717088,154.247474683,174.033008589,140.44848481,95.7205627485,158.540367902,171.533008589,134.69848481,88.5489898732,151.862698372,93.9558441227,112.148232278,156.876154339,118.222979746,136.633513652,128.650649276,104.209523779,96.341883092,105.548989873,173.197222151,126.086940777,139.34430009,140.765872965,132.269552622,61.2634559673,186.100396744,140.347979746,122.580844123,164.765872965,166.547727215,123.648232278,128.426406871,92.4595237792,126.340620434,156.997474683,124.508513652,132.579581464,125.797727215,127.137193309,134.797727215,179.503571337,197.660425587,159.262193309,116.075901808,152.254833996,170.575901808,168.24011537,111.019552622,136.44848481,161.24011537]
frontiers: [4321,3861,3104,1879,1505,2206,3853,3423,1492,2191,1763,1223,4175,1964,1769,1424,2056,2005,2064,3109,1401,3663,2059,1555,1260,1477,3945,1812,4225,2393,3211,2804,2155,1366,2131,1312,3582,1441,1312,1490,3470,1290,1913,1350,1792,2014,2022,1603,1778,2655]
explored: [8137,8574,9133,6458,2630,7858,9916,6166,2741,6562,3141,3918,9122,4626,5566,4798,2526,1462,3362,11141,4874,5769,4102,5046,538,12197,5986,5116,6213,10629,5050,3391,2049,3962,11806,4762,2506,5206,4666,4750,9977,13941,5638,4846,5806,7486,7894,4010,5558,10785]

Average Time: 19.0778399992 seconds
Average Cost: 137.496236598
Average Frontier: 2277 cells
Average Explored: 6047 cells
Total Time: 953.89199996 seconds
