[algo=a_star]-[weight=1_0]-[approx_euclidean]

sources: [0-0.grid,0-1.grid,0-2.grid,0-3.grid,0-4.grid,0-5.grid,0-6.grid,0-7.grid,0-8.grid,0-9.grid,1-0.grid,1-1.grid,1-2.grid,1-3.grid,1-4.grid,1-5.grid,1-6.grid,1-7.grid,1-8.grid,1-9.grid,2-0.grid,2-1.grid,2-2.grid,2-3.grid,2-4.grid,2-5.grid,2-6.grid,2-7.grid,2-8.grid,2-9.grid,3-0.grid,3-1.grid,3-2.grid,3-3.grid,3-4.grid,3-5.grid,3-6.grid,3-7.grid,3-8.grid,3-9.grid,4-0.grid,4-1.grid,4-2.grid,4-3.grid,4-4.grid,4-5.grid,4-6.grid,4-7.grid,4-8.grid,4-9.grid]
times: [0.936000108719,1.04600000381,1.04399991035,1.02499985695,0.420000314713,1.10900020599,1.11600017548,0.965000152588,0.353000164032,1.03800010681,0.469999790192,0.62700009346,0.967000007629,0.535999774933,0.71799993515,0.788000106812,0.538000106812,0.526000022888,0.467000007629,1.08499979973,0.822000026703,0.882000207901,0.69100022316,0.732000112534,0.0680000782013,1.06999993324,0.983000040054,0.878000020981,1.03199982643,1.12800002098,0.702000141144,0.375,0.445999860764,0.762000083923,1.18099999428,0.749000072479,0.545000076294,0.865000009537,0.610999822617,0.805999994278,0.986000061035,1.125,0.947000026703,0.488999843597,0.928000211716,1.07899999619,0.988000154495,0.40700006485,0.886000156403,1.06299972534]
costs: [129.484018716,116.392135624,134.193542495,116.634776311,87.3626983722,124.941125497,116.634776311,115.316125497,75.4632034356,115.470562748,81.8994949366,103.066125497,114.778174593,84.938708499,117.526911935,113.062445841,100.002416998,85.6421356237,91.8994949366,121.55266953,108.558766184,110.995057685,112.29163056,113.634776311,38.0281745931,140.987698372,117.159271247,114.370057685,137.16663056,132.409271247,88.6923881554,96.1494949366,82.3626983722,103.470562748,130.191125497,112.605339059,104.634776311,113.847979746,123.262193309,123.847979746,135.162950904,160.234018716,149.29163056,91.3063491861,141.634776311,149.734018716,152.669047558,83.1494949366,126.183766184,137.319805153]
frontiers: [465,301,366,239,405,258,247,384,359,250,314,350,515,407,366,421,334,528,285,422,288,281,404,436,271,183,228,424,205,258,537,501,543,532,87,413,596,386,323,421,252,125,329,197,181,227,172,229,192,253]
explored: [15470,17385,17124,16635,6586,17629,17946,15876,5847,17133,7600,10299,15918,8891,11981,13149,8974,8721,7928,17938,13858,14771,11463,12117,1016,17969,16302,14507,16830,17915,11307,5923,7042,12022,19379,12585,9087,14001,10281,13291,16562,18902,15886,8126,15483,17562,16571,6792,14914,16999]

Average Time: 0.80000002861 seconds
Average Cost: 113.552265479
Average Frontier: 333 cells
Average Explored: 13169 cells
Total Time: 40.0000014305 seconds
