[algo=integrated_a_star]-[w1=1_0]-[w2=1_0]

sources: [0-0.grid,0-1.grid,0-2.grid,0-3.grid,0-4.grid,0-5.grid,0-6.grid,0-7.grid,0-8.grid,0-9.grid,1-0.grid,1-1.grid,1-2.grid,1-3.grid,1-4.grid,1-5.grid,1-6.grid,1-7.grid,1-8.grid,1-9.grid,2-0.grid,2-1.grid,2-2.grid,2-3.grid,2-4.grid,2-5.grid,2-6.grid,2-7.grid,2-8.grid,2-9.grid,3-0.grid,3-1.grid,3-2.grid,3-3.grid,3-4.grid,3-5.grid,3-6.grid,3-7.grid,3-8.grid,3-9.grid,4-0.grid,4-1.grid,4-2.grid,4-3.grid,4-4.grid,4-5.grid,4-6.grid,4-7.grid,4-8.grid,4-9.grid]
times: [32.3309998512,47.2170000076,39.7510001659,34.7720000744,10.5829999447,51.2520000935,46.2929999828,33.4100000858,11.4189999104,37.496999979,13.3920001984,20.0619997978,31.7780001163,16.1369998455,31.2610001564,25.2749998569,16.2660000324,11.5509998798,15.2929999828,43.3599998951,26.7809998989,36.5350000858,20.646999836,21.9279999733,1.01800012589,50.2569999695,36.5759999752,33.8379998207,37.1460001469,58.2039999962,24.9719998837,12.5299999714,12.5810000896,25.9210000038,45.4619998932,24.9869999886,20.4620001316,29.7520000935,21.9949998856,24.6590001583,55.8490002155,41.7119998932,35.0559999943,16.8770000935,33.9409999847,38.1129999161,34.4730000496,19.5980000496,31.8519999981,38.1909999847]
costs: [148.370057685,140.655591591,162.566125497,140.812445841,99.9705627485,140.634776311,149.69848481,131.04163056,88.9558441227,137.151911935,88.4779220614,115.648232278,124.134776311,93.2989898732,137.191125497,133.373737342,109.474242405,94.8994949366,102.306349186,138.555086528,134.737698372,139.881096654,129.002416998,130.705844123,38.8566017178,161.487698372,134.351659403,137.045310217,161.006096654,152.129833996,98.1421356237,111.642135624,93.1776695297,126.159271247,145.441125497,131.213203436,119.341883092,131.795310217,140.54163056,139.519552622,146.155591591,177.298989873,174.097979746,108.54163056,161.94848481,175.026911935,172.94848481,101.149494937,144.620057685,154.269552622]
frontiers: [3665,2601,2315,2346,1610,1729,1120,2755,2110,1990,1750,1945,2897,2230,2498,1882,2610,3156,1793,2967,2180,1820,3235,2150,1475,1057,1790,2750,1685,1362,3299,2814,2785,2680,1240,1763,3575,1945,1878,1870,1912,1040,1724,1415,1397,1380,1190,1510,1540,1900]
explored: [10494,17117,13749,12547,4030,17430,15821,11117,4354,12482,4950,7013,10057,5674,11250,8738,5582,3978,5490,14785,9713,12154,7514,7790,369,17901,12250,10788,12838,18449,7946,4208,4406,8806,15217,8697,6434,9694,7836,8304,19382,14100,12189,5954,11330,12950,11866,6869,10578,13158]

Average Time: 29.6162599993 seconds
Average Cost: 130.989054801
Average Frontier: 2086 cells
Average Explored: 10126 cells
Total Time: 1480.81299996 seconds
