Integrated A* Benchmark on 50 .grid files [w1=1.25], [w2=1.0]:

sources: [0-0.grid,0-1.grid,0-2.grid,0-3.grid,0-4.grid,0-5.grid,0-6.grid,0-7.grid,0-8.grid,0-9.grid,1-0.grid,1-1.grid,1-2.grid,1-3.grid,1-4.grid,1-5.grid,1-6.grid,1-7.grid,1-8.grid,1-9.grid,2-0.grid,2-1.grid,2-2.grid,2-3.grid,2-4.grid,2-5.grid,2-6.grid,2-7.grid,2-8.grid,2-9.grid,3-0.grid,3-1.grid,3-2.grid,3-3.grid,3-4.grid,3-5.grid,3-6.grid,3-7.grid,3-8.grid,3-9.grid,4-0.grid,4-1.grid,4-2.grid,4-3.grid,4-4.grid,4-5.grid,4-6.grid,4-7.grid,4-8.grid,4-9.grid]
times: [36.9159998894,52.8130002022,39.2100000381,46.4589998722,10.4769999981,58.5710000992,45.6740000248,38.3820002079,9.60800004005,41.868999958,14.4869999886,15.0080001354,44.8020000458,14.8550000191,34.8609998226,21.3029999733,13.1830000877,7.26300001144,13.643999815,39.5420000553,18.746999979,34.6690001488,20.756000042,21.3289999962,0.663000106812,52.3680000305,38.8450000286,22.9440000057,35.5799999237,55.4290001392,19.5639998913,8.80500006676,8.20199990273,22.1239998341,47.2230000496,20.0369999409,19.1600000858,25.125,18.1840000153,22.9670000076,37.9720001221,41.9639999866,28.8050000668,24.5840001106,29.8280000687,57.4729998112,32.1150000095,14.1119999886,26.9350001812,38.4550001621]
costs: [153.769552622,146.040367902,167.284271247,138.79163056,99.8063491861,147.069805153,153.004833996,136.941125497,86.3063491861,148.202164466,91.4350288425,108.120057685,136.345562748,96.9276695297,137.366378029,133.316125497,115.123737342,94.5134559673,103.170310217,145.859018716,125.41663056,131.495057685,130.659271247,133.502416998,46.5244949366,170.308766184,140.187445841,132.984018716,163.912950904,152.422727215,96.5208152802,111.963203436,91.3345237792,126.116378029,153.44848481,127.455844123,125.670310217,128.19848481,141.097979746,141.133513652,158.133513652,178.655591591,164.340620434,105.306349186,158.191125497,163.247474683,168.605339059,104.04163056,141.377416998,156.226659403]
frontiers: [3921,2203,2791,2397,1665,1562,2234,2881,1705,2214,1640,1721,3399,1638,2239,1586,2195,2380,1769,3391,2090,2710,2408,2045,1085,1135,1689,2085,1905,1630,3223,2995,2392,2305,960,1840,3685,1871,1447,1830,1955,1175,1815,1338,2186,1752,1775,1439,1920,2051]
explored: [10606,16601,12145,14776,3662,17494,14366,12058,3330,13026,4726,4998,12805,5049,11518,7650,4810,2694,4730,12329,6946,10642,7845,7314,253,18199,12654,8342,11898,17233,5806,3010,2880,7266,14657,6878,5826,8834,6768,7734,12262,13842,9838,8546,9650,19973,10810,4806,9142,12629]

Average Time: 28.8778200197 seconds
Average Cost: 132.157456672
Average Frontier: 2085 cells
Average Explored: 9437 cells
Total Time: 1443.89100099 seconds
