Integrated A* Benchmark on 50 .grid files [w1=1.75], [w2=1.75]:

sources: [0-0.grid,0-1.grid,0-2.grid,0-3.grid,0-4.grid,0-5.grid,0-6.grid,0-7.grid,0-8.grid,0-9.grid,1-0.grid,1-1.grid,1-2.grid,1-3.grid,1-4.grid,1-5.grid,1-6.grid,1-7.grid,1-8.grid,1-9.grid,2-0.grid,2-1.grid,2-2.grid,2-3.grid,2-4.grid,2-5.grid,2-6.grid,2-7.grid,2-8.grid,2-9.grid,3-0.grid,3-1.grid,3-2.grid,3-3.grid,3-4.grid,3-5.grid,3-6.grid,3-7.grid,3-8.grid,3-9.grid,4-0.grid,4-1.grid,4-2.grid,4-3.grid,4-4.grid,4-5.grid,4-6.grid,4-7.grid,4-8.grid,4-9.grid]
times: [28.9279999733,38.368999958,32.243999958,22.0299999714,8.30999994278,27.0470001698,41.4509999752,32.3589999676,8.42700004578,28.5529999733,10.1809999943,13.0789999962,37.5879998207,14.0550000668,19.3940000534,16.3440001011,10.4409999847,3.86699986458,11.7430000305,30.6089999676,17.2250001431,28.0449998379,15.489000082,16.6489999294,0.665999889374,40.2070000172,32.8540000916,18.3740000725,38.4500000477,37.1670000553,16.8220000267,10.3600001335,6.73900008202,11.5370001793,44.239000082,15.6960000992,31.3440001011,16.5770001411,15.6229999065,15.6410000324,35.2139999866,44.8279998302,21.5720000267,15.0329999924,21.0510001183,26.8789999485,27.245000124,12.5680000782,21.1949999332,36.8940000534]
costs: [170.025649276,159.376154339,171.497474683,139.612698372,99.1347763109,153.879833996,167.757250994,153.861435714,90.1347763109,156.754833996,86.7634559673,115.269552622,159.926406871,109.780591591,142.840620434,129.651911935,108.205844123,91.9987373415,101.334523779,154.876154339,127.562445841,141.676406871,140.661688245,132.933766184,49.2634559673,171.904328933,146.355339059,129.180086528,167.001154339,163.626154339,109.362698372,125.762193309,94.9558441227,122.840620434,169.568542495,126.669047558,155.24011537,127.430086528,132.687445841,140.497474683,176.624891681,195.126154339,163.590620434,123.497474683,155.112698372,177.568542495,170.583261121,106.355339059,138.262193309,163.118795027]
frontiers: [4317,3101,3094,2115,1616,2290,3255,3497,1633,2445,1682,1355,4045,1776,2090,1397,2225,1960,2040,3030,1532,4103,2273,1751,1200,2032,3748,1776,2246,2242,3094,3163,2365,1255,1685,1615,4009,1454,1288,1427,2775,1172,2061,1410,2076,2035,2100,1685,1988,2423]
explored: [8374,11086,9734,7314,2946,8526,11754,9893,2961,9038,3173,4302,10118,4514,6398,5458,3438,1346,3725,9572,5722,8069,5306,5542,221,11914,9378,6126,11170,10993,4898,3443,2329,3954,13106,5378,8842,5666,5333,5422,10929,13838,7234,5062,7042,8870,8902,4186,6934,11481]

Average Time: 22.5440400171 seconds
Average Cost: 138.154030971
Average Frontier: 2258 cells
Average Explored: 7019 cells
Total Time: 1127.20200086 seconds
