Integrated A* Benchmark on 50 .grid files [w1=1.25], [w2=2.0]:

sources: [0-0.grid,0-1.grid,0-2.grid,0-3.grid,0-4.grid,0-5.grid,0-6.grid,0-7.grid,0-8.grid,0-9.grid,1-0.grid,1-1.grid,1-2.grid,1-3.grid,1-4.grid,1-5.grid,1-6.grid,1-7.grid,1-8.grid,1-9.grid,2-0.grid,2-1.grid,2-2.grid,2-3.grid,2-4.grid,2-5.grid,2-6.grid,2-7.grid,2-8.grid,2-9.grid,3-0.grid,3-1.grid,3-2.grid,3-3.grid,3-4.grid,3-5.grid,3-6.grid,3-7.grid,3-8.grid,3-9.grid,4-0.grid,4-1.grid,4-2.grid,4-3.grid,4-4.grid,4-5.grid,4-6.grid,4-7.grid,4-8.grid,4-9.grid]
times: [30.8459999561,43.1039998531,39.4129998684,30.8380000591,10.4530000687,35.3310000896,39.0390000343,34.2179999352,10.3789999485,34.9710001945,12.3380000591,17.7709999084,44.3409998417,15.8880000114,22.4189999104,19.9639999866,14.4440000057,7.0759999752,14.8420000076,34.7769999504,21.0920000076,28.7569999695,17.5230000019,20.879999876,0.805000066757,40.9830000401,40.8009998798,26.1319999695,38.3180000782,43.5999999046,19.0710000992,8.23300004005,9.54999995232,20.3440001011,46.5990002155,21.388999939,14.135999918,21.0479998589,19.1099998951,22.4869999886,36.4869999886,42.0660002232,30.2790000439,16.1830000877,30.2460000515,35.2460000515,32.3480000496,12.498000145,25.5550000668,37.7640001774]
costs: [154.862698372,157.169047558,171.909271247,132.16663056,101.298989873,145.634776311,148.711940777,136.148232278,91.1347763109,155.79163056,86.8921356237,119.612698372,152.159271247,99.1384559673,140.19848481,136.347979746,112.153174593,94.0489898732,105.935028843,149.484018716,131.898232278,126.455844123,134.398232278,132.620057685,46.5244949366,173.420310217,142.084523779,130.037950904,158.909271247,164.876154339,100.727922061,111.784271247,92.2634559673,124.019552622,155.612698372,126.79163056,120.605339059,130.080844123,143.870057685,138.877416998,167.097979746,187.879833996,165.941125497,114.94848481,162.504833996,178.919047558,172.276911935,98.7842712475,140.784271247,154.797727215]
frontiers: [4383,2256,2460,2517,1565,2487,2846,2975,1780,2513,1327,1534,3093,1903,1869,1429,2470,2385,1931,3413,1935,3845,2317,1851,1140,1543,1900,2191,1857,1516,3179,2826,2830,2319,1038,1811,3402,1521,1699,1750,2319,1120,1956,1205,2253,1162,1431,1630,1955,2043]
explored: [8850,13114,12405,9822,3738,10946,11925,10429,3654,11254,4178,5908,12241,5298,7486,6982,4850,2454,4925,11078,7250,8521,6182,7154,277,12946,12109,8778,12318,13609,5934,2913,3332,7006,14709,7438,4518,7422,6990,7670,12177,14173,10370,5746,10202,12238,11110,4374,8742,12498]

Average Time: 25.839640007 seconds
Average Cost: 134.411819587
Average Frontier: 2133 cells
Average Explored: 8404 cells
Total Time: 1291.98200035 seconds
