Integrated A* Benchmark on 50 .grid files [w1=1.75], [w2=2.0]:

sources: [0-0.grid,0-1.grid,0-2.grid,0-3.grid,0-4.grid,0-5.grid,0-6.grid,0-7.grid,0-8.grid,0-9.grid,1-0.grid,1-1.grid,1-2.grid,1-3.grid,1-4.grid,1-5.grid,1-6.grid,1-7.grid,1-8.grid,1-9.grid,2-0.grid,2-1.grid,2-2.grid,2-3.grid,2-4.grid,2-5.grid,2-6.grid,2-7.grid,2-8.grid,2-9.grid,3-0.grid,3-1.grid,3-2.grid,3-3.grid,3-4.grid,3-5.grid,3-6.grid,3-7.grid,3-8.grid,3-9.grid,4-0.grid,4-1.grid,4-2.grid,4-3.grid,4-4.grid,4-5.grid,4-6.grid,4-7.grid,4-8.grid,4-9.grid]
times: [26.4340000153,36.8519999981,31.2879998684,22.396999836,7.63499999046,27.1019999981,39.1489999294,28.3439998627,8.88400006294,23.0910000801,12.6550002098,13.2130000591,32.5859999657,14.2790000439,19.006000042,15.3460001945,9.78700017929,4.15000009537,11.0039999485,34.7890000343,14.8500001431,21.2760000229,13.9120001793,15.5160000324,0.834000110626,42.8609998226,26.3759999275,18.0420000553,40.9110000134,37.6470000744,15.3970000744,12.3010001183,6.54699993134,11.7690000534,44.3630001545,14.1289999485,11.8250000477,16.361000061,16.0080001354,15.4630000591,34.3970000744,45.1259999275,21.0039999485,16.0020000935,21.1679999828,25.8849999905,26.1480000019,11.1360001564,20.9700000286,38.5220000744]
costs: [163.833261121,161.626154339,169.090620434,139.21930009,94.2989898732,161.243795027,177.611435714,141.836940777,90.7132034356,151.769552622,94.4987373415,113.82348481,156.097979746,108.616378029,140.519552622,126.765872965,105.966883092,94.4129509039,101.006096654,159.450901808,126.144552622,138.133513652,137.254833996,130.120057685,51.1850288425,174.468037432,144.305086528,127.612698372,175.732756057,168.27196962,110.705844123,128.083261121,93.6703102168,122.461940777,164.004833996,123.683766184,133.34430009,125.605339059,133.262193309,134.597979746,167.354076401,194.840620434,163.926406871,123.911688245,155.097979746,173.811183182,169.404328933,102.54163056,141.840620434,168.968037432]
frontiers: [4810,3278,3288,2119,1491,2348,2979,3115,1500,2587,1659,1312,3528,1900,1863,1338,2321,2045,2113,2898,1536,3608,2086,1696,1215,1706,3328,1756,2200,2114,2928,3072,2160,1340,1927,1390,4102,1600,1265,1466,3030,1240,2070,1180,1968,1851,2017,2001,1915,2240]
explored: [7402,10762,9422,7350,2698,8494,11674,8453,3060,7482,4006,4302,8934,4534,6182,5114,3306,1416,3455,10442,5014,6321,4918,5222,285,12425,7982,5894,11974,11457,4590,3970,2243,4006,12730,4854,3698,5566,5420,5286,10658,13838,7062,5402,7026,8458,8494,3714,6862,11849]

Average Time: 21.4947400331 seconds
Average Cost: 137.134939341
Average Frontier: 2209 cells
Average Explored: 6714 cells
Total Time: 1074.73700166 seconds
