Integrated A* Benchmark on 50 .grid files [w1=1.0], [w2=1.75]:

sources: [0-0.grid,0-1.grid,0-2.grid,0-3.grid,0-4.grid,0-5.grid,0-6.grid,0-7.grid,0-8.grid,0-9.grid,1-0.grid,1-1.grid,1-2.grid,1-3.grid,1-4.grid,1-5.grid,1-6.grid,1-7.grid,1-8.grid,1-9.grid,2-0.grid,2-1.grid,2-2.grid,2-3.grid,2-4.grid,2-5.grid,2-6.grid,2-7.grid,2-8.grid,2-9.grid,3-0.grid,3-1.grid,3-2.grid,3-3.grid,3-4.grid,3-5.grid,3-6.grid,3-7.grid,3-8.grid,3-9.grid,4-0.grid,4-1.grid,4-2.grid,4-3.grid,4-4.grid,4-5.grid,4-6.grid,4-7.grid,4-8.grid,4-9.grid]
times: [32.7939999104,41.1590001583,44.0690000057,35.6340000629,12.1700000763,38.9639999866,44.3450000286,38.4560000896,10.8320000172,36.2249999046,13.7150001526,18.4459998608,36.2490000725,15.3579998016,23.3629999161,25.0799999237,17.7000000477,11.5569999218,14.9259998798,38.9479999542,23.5099999905,37.1669998169,23.5580000877,23.4429998398,1.03200006485,42.0929999352,38.7999999523,26.9629998207,35.992000103,43.370000124,23.2929999828,11.5290000439,14.7650001049,24.4140000343,46.1589999199,24.75,19.114000082,25.8350000381,20.0809998512,27.3249998093,36.8629999161,42.9830000401,34.5039999485,17.6139998436,33.3420000076,40.3840000629,35.9419999123,13.6360001564,31.1770000458,40.9089999199]
costs: [150.269552622,151.290367902,165.930086528,129.884776311,99.2352813742,138.995057685,156.398232278,138.019552622,89.2279220614,137.830844123,89.6776695297,114.338203436,136.334523779,93.466883092,139.683766184,132.866378029,112.716883092,94.4632034356,104.834523779,145.569805153,127.623737342,133.898232278,136.987698372,132.849242405,38.8566017178,170.769552622,135.173989873,126.530591591,153.495057685,156.401911935,98.6850288425,109.79163056,96.813708499,114.892135624,151.298989873,130.741378029,120.662950904,131.655591591,141.148232278,142.862698372,157.390872965,195.319805153,172.097979746,109.048989873,161.026911935,175.426406871,179.633513652,102.29163056,145.776911935,157.019552622]
frontiers: [3532,2116,2609,2277,1975,1976,1945,2920,1870,2506,1636,1774,3236,2160,2240,1650,2605,3090,1826,3017,2110,2290,3450,2070,1415,1522,1845,2660,1725,1682,3276,2975,2986,2861,700,1926,3420,1710,1847,2255,2048,1181,2338,1175,1283,1406,1231,1441,1520,1781]
explored: [10194,13377,12945,10802,4058,11822,14249,11802,3886,11950,4870,6192,10814,5498,8338,8762,6186,3926,5242,12865,8306,11169,8254,8262,393,13837,12198,9162,12358,13821,7202,4014,5043,8086,15133,8686,6158,8898,7406,9461,12658,14941,11846,6254,11254,13398,12286,4914,10490,13106]

Average Time: 28.2107399845 seconds
Average Cost: 132.544100974
Average Frontier: 2141 cells
Average Explored: 9335 cells
Total Time: 1410.53699923 seconds
