Integrated A* Benchmark on 50 .grid files [w1=1.75], [w2=1.0]:

sources: [0-0.grid,0-1.grid,0-2.grid,0-3.grid,0-4.grid,0-5.grid,0-6.grid,0-7.grid,0-8.grid,0-9.grid,1-0.grid,1-1.grid,1-2.grid,1-3.grid,1-4.grid,1-5.grid,1-6.grid,1-7.grid,1-8.grid,1-9.grid,2-0.grid,2-1.grid,2-2.grid,2-3.grid,2-4.grid,2-5.grid,2-6.grid,2-7.grid,2-8.grid,2-9.grid,3-0.grid,3-1.grid,3-2.grid,3-3.grid,3-4.grid,3-5.grid,3-6.grid,3-7.grid,3-8.grid,3-9.grid,4-0.grid,4-1.grid,4-2.grid,4-3.grid,4-4.grid,4-5.grid,4-6.grid,4-7.grid,4-8.grid,4-9.grid]
times: [25.8709998131,60.9490001202,36.9499998093,20.1519999504,8.78299999237,35.0869998932,58.9709999561,32.5560002327,8.78599977493,21.878000021,10.8519999981,12.6779999733,37.2969999313,13.3479998112,25.3940000534,14.7590000629,9.01399993896,4.14400005341,11.7160000801,51.7919998169,14.878000021,25.1480000019,11.4409999847,17.3150000572,0.981999874115,49.4039998055,41.4279999733,16.9500000477,54.7349998951,47.2300000191,15.3350000381,5.28499984741,6.5039999485,12.1370000839,45.4700000286,14.5920000076,10.1660001278,15.6870000362,14.6949999332,14.8910000324,35.3970000744,56.8759999275,38.1619999409,19.9830000401,18.6789999008,44.3120000362,24.9570000172,14.4839999676,19.3759999275,39.0729999542]
costs: [152.318542495,149.465620434,162.311183182,140.105339059,99.7916305603,149.379833996,147.926406871,128.200901808,90.7132034356,150.519552622,90.341883092,113.037950904,140.588203436,110.433766184,138.547727215,126.058766184,108.752416998,92.7205627485,102.548989873,140.351659403,127.051406871,124.308766184,133.508513652,131.062445841,56.4705627485,172.658008589,142.997474683,125.211940777,146.075901808,152.254833996,104.412950904,111.090620434,96.5416305603,122.34430009,159.169047558,124.762193309,127.711940777,124.347979746,132.336940777,137.361435714,161.518289963,181.94848481,164.504833996,112.676406871,154.497474683,170.747474683,170.411688245,97.3626983722,137.012193309,157.033008589]
frontiers: [4864,2794,3162,2020,1580,2805,2850,3873,1396,2524,1602,1306,3449,1958,1939,1300,2160,1905,2172,2820,1475,4269,2106,1726,1140,1279,2574,1740,3300,2439,3309,2480,2047,1395,1881,1456,3577,1710,1275,1310,2549,1332,2100,1262,2112,2137,1821,2051,1950,2399]
explored: [7368,18382,11533,6994,3234,11690,17957,10202,2975,7426,3557,4318,10109,4454,8750,5120,3186,1492,3836,17037,5202,7419,4122,6022,357,15891,11833,5774,16793,14485,4486,1896,2356,4330,13878,5202,3190,5570,5202,5286,11321,18581,12938,6982,6518,15014,8518,4924,6610,12221]

Average Time: 24.9309799767 seconds
Average Cost: 131.870111781
Average Frontier: 2213 cells
Average Explored: 8050 cells
Total Time: 1246.54899883 seconds
