Integrated A* Benchmark on 50 .grid files [w1=1.0], [w2=1.25]:

sources: [0-0.grid,0-1.grid,0-2.grid,0-3.grid,0-4.grid,0-5.grid,0-6.grid,0-7.grid,0-8.grid,0-9.grid,1-0.grid,1-1.grid,1-2.grid,1-3.grid,1-4.grid,1-5.grid,1-6.grid,1-7.grid,1-8.grid,1-9.grid,2-0.grid,2-1.grid,2-2.grid,2-3.grid,2-4.grid,2-5.grid,2-6.grid,2-7.grid,2-8.grid,2-9.grid,3-0.grid,3-1.grid,3-2.grid,3-3.grid,3-4.grid,3-5.grid,3-6.grid,3-7.grid,3-8.grid,3-9.grid,4-0.grid,4-1.grid,4-2.grid,4-3.grid,4-4.grid,4-5.grid,4-6.grid,4-7.grid,4-8.grid,4-9.grid]
times: [35.8020000458,42.5789999962,39.1259999275,32.9299998283,10.4619998932,38.1040000916,52.8029999733,35.8659999371,11.1410000324,36.9040000439,15.2260000706,22.5420000553,33.8369998932,17.870000124,28.9140000343,26.1510000229,16.0739998817,12.1699998379,15.3280000687,46.7300000191,21.1679999828,35.760999918,21.7080001831,24.7860000134,1.22600007057,40.7930002213,36.8629999161,26.2170000076,37.3489999771,39.9719998837,22.9140000343,10.8010001183,13.2210001945,23.7130000591,47.7059998512,29.5759999752,20.0500001907,27.9389998913,21.2229998112,26.0690000057,40.8819999695,46.0829999447,34.7620000839,17.6720001698,34.618999958,42.6089999676,45.5950000286,15.1589999199,33.3280000687,39.4660000801]
costs: [154.120057685,153.562445841,162.187445841,131.54163056,98.1347763109,147.441125497,149.433766184,137.205844123,90.6421356237,141.909271247,94.0710678119,126.827164466,130.431349186,97.252416998,143.972979746,134.362698372,107.631096654,97.6066017178,103.67766953,147.444805153,124.530591591,128.54163056,132.263455967,131.048989873,39.4423881554,173.316125497,139.705844123,128.79163056,164.558766184,150.984018716,98.3994949366,112.963203436,95.1776695297,118.720562748,149.694805153,131.04163056,118.827164466,130.04163056,141.812445841,140.555086528,161.569805153,186.237698372,169.519552622,107.784271247,161.833261121,173.441125497,175.355339059,102.892135624,144.370057685,156.683766184]
frontiers: [3725,2313,2468,2587,1975,1536,2395,3007,1965,2235,1790,1848,3896,2447,2332,1871,2480,2831,1933,3092,2130,2850,3090,2640,1455,1265,1830,2436,1585,1567,3400,2855,2876,2710,850,2470,3380,1990,1578,1695,1968,1290,1681,1430,1395,1335,1301,1390,1648,1906]
explored: [10573,13677,12617,10837,3966,12722,16725,11485,4082,12117,5310,7718,10138,6126,10282,8986,5534,4208,5378,15417,7682,10918,7810,8630,445,14137,12394,9302,12954,13017,7278,3888,4723,8149,15089,9266,6066,8952,7157,8438,12994,14581,11414,5882,11026,13398,14311,5130,10701,13298]

Average Time: 28.9957800055 seconds
Average Cost: 132.791209922
Average Frontier: 2174 cells
Average Explored: 9538 cells
Total Time: 1449.78900027 seconds
