Integrated A* Benchmark on 50 .grid files [w1=1.0], [w2=1.0]:

sources: [0-0.grid,0-1.grid,0-2.grid,0-3.grid,0-4.grid,0-5.grid,0-6.grid,0-7.grid,0-8.grid,0-9.grid,1-0.grid,1-1.grid,1-2.grid,1-3.grid,1-4.grid,1-5.grid,1-6.grid,1-7.grid,1-8.grid,1-9.grid,2-0.grid,2-1.grid,2-2.grid,2-3.grid,2-4.grid,2-5.grid,2-6.grid,2-7.grid,2-8.grid,2-9.grid,3-0.grid,3-1.grid,3-2.grid,3-3.grid,3-4.grid,3-5.grid,3-6.grid,3-7.grid,3-8.grid,3-9.grid,4-0.grid,4-1.grid,4-2.grid,4-3.grid,4-4.grid,4-5.grid,4-6.grid,4-7.grid,4-8.grid,4-9.grid]
times: [32.6990001202,41.248000145,37.8429999352,33.756000042,10.8770000935,40.8159999847,44.7109999657,38.003000021,8.83099985123,42.4869999886,11.9830000401,17.0160000324,27.998000145,15.753000021,20.7850000858,20.6679999828,14.4189999104,9.13899993896,14.0479998589,42.8629999161,22.381000042,33.1949999332,20.6399998665,22.0869998932,1.03699994087,36.8350000381,31.6199998856,28.3710000515,34.6779999733,43.3329999447,25.2260000706,10.4699997902,14.1259999275,25.5179998875,51.2490000725,26.5659999847,18.9389998913,26.7720000744,20.9200000763,23.1239998341,36.506000042,46.6180000305,34.6660001278,20.5379998684,31.6029999256,36.1579999924,35.3139998913,15.9949998856,34.6360001564,45.4239997864]
costs: [147.94848481,146.254833996,163.769552622,137.409271247,98.7352813742,149.420310217,142.605339059,135.605339059,93.313708499,130.79163056,91.0710678119,117.066125497,121.649494937,101.720562748,140.241378029,137.498737342,112.588203436,95.6776695297,109.806349186,143.026911935,129.287950904,137.705844123,131.66663056,132.798989873,39.4423881554,175.644552622,136.812445841,127.409271247,162.21930009,152.405591591,100.149494937,105.884776311,94.6066017178,123.905591591,149.620057685,133.034271247,115.756096654,130.109018716,146.19848481,143.04163056,161.383513652,178.827164466,170.362698372,110.134776311,156.29163056,173.127416998,176.034271247,98.627416998,144.519552622,158.133513652]
frontiers: [3640,2434,2395,2509,2265,1510,1929,2676,1885,1739,1845,1710,3086,2400,2451,1925,2620,2898,1773,2705,2385,1970,3200,2410,1450,1200,1660,2805,1690,1856,3288,2790,3120,2660,600,2145,3345,1650,1735,1645,1761,1146,1845,1328,1510,1235,1315,1738,1395,1481]
explored: [10394,14153,13077,12006,4246,13672,14857,13205,4186,16430,5338,7156,9814,6522,8686,8813,5946,3714,6110,16665,9126,11878,8266,8566,425,14257,12238,10498,13586,13645,8342,3458,4634,8550,17436,9110,5998,8840,7666,8400,13126,14734,10940,6710,10682,12854,12046,5006,10694,13442]

Average Time: 27.6097599792 seconds
Average Cost: 132.22682392
Average Frontier: 2095 cells
Average Explored: 9802 cells
Total Time: 1380.48799896 seconds
