Integrated A* Benchmark on 50 .grid files [w1=2.0], [w2=2.0]:

sources: [0-0.grid,0-1.grid,0-2.grid,0-3.grid,0-4.grid,0-5.grid,0-6.grid,0-7.grid,0-8.grid,0-9.grid,1-0.grid,1-1.grid,1-2.grid,1-3.grid,1-4.grid,1-5.grid,1-6.grid,1-7.grid,1-8.grid,1-9.grid,2-0.grid,2-1.grid,2-2.grid,2-3.grid,2-4.grid,2-5.grid,2-6.grid,2-7.grid,2-8.grid,2-9.grid,3-0.grid,3-1.grid,3-2.grid,3-3.grid,3-4.grid,3-5.grid,3-6.grid,3-7.grid,3-8.grid,3-9.grid,4-0.grid,4-1.grid,4-2.grid,4-3.grid,4-4.grid,4-5.grid,4-6.grid,4-7.grid,4-8.grid,4-9.grid]
times: [34.9789998531,34.2379999161,33.763999939,22.2490000725,9.27699995041,31.0739998817,39.3069999218,33.3299999237,8.82499980927,23.754999876,11.1790001392,14.7810001373,25.1629998684,16.361000061,20.8240001202,17.7130000591,12.0340001583,4.75100016594,14.75,42.4679999352,17.3529999256,32.6859998703,14.4449999332,17.2590000629,1.56799983978,51.6789999008,27.6080000401,21.2400000095,49.7940001488,44.6649999619,20.5679998398,14.4189999104,7.13499999046,14.138999939,50.9390001297,17.1870000362,19.5860002041,18.3140001297,19.3190000057,17.7180001736,42.1510000229,52.5499999523,22.3299999237,17.9149999619,22.5590000153,26.5740001202,24.8760001659,12.6990001202,17.8729999065,42.6190001965]
costs: [169.468037432,151.133513652,175.999891681,140.526911935,97.127416998,170.379833996,174.482756057,149.583261121,86.3063491861,150.019552622,89.841883092,111.026911935,152.241378029,127.001154339,138.118795027,130.36511537,113.287950904,90.7989898732,105.205844123,166.389610307,127.651911935,141.972979746,135.230339059,129.355339059,58.2634559673,188.671464556,141.894552622,129.508513652,183.654328933,177.408008589,126.941125497,130.169047558,91.0845237792,126.754833996,163.561183182,121.441125497,147.033008589,122.558766184,136.454581464,136.751154339,184.331998462,201.39696962,164.575901808,120.575901808,155.661688245,171.111435714,165.919047558,102.269552622,138.519552622,164.404328933]
frontiers: [4451,3841,3039,2029,1451,2169,3290,3202,1546,1799,1727,1384,3776,1833,1856,1401,2286,1970,2077,2783,1590,3717,2122,1558,1117,1360,3734,1725,1987,2077,3155,3086,2090,1267,2260,1376,4984,1402,1246,1435,2730,1393,1912,1434,1729,1963,2149,2479,1837,2426]
explored: [8505,8694,9178,6270,2682,8122,9981,8550,2563,6614,2914,3846,5974,4664,5850,4886,3254,1333,3617,10210,4709,7816,4057,4662,395,12390,6582,5630,11962,11325,5174,3683,1957,3898,12077,4714,4926,4982,5302,5006,11082,13618,6314,4962,6286,7370,7026,3494,5086,11042]

Average Time: 24.2117800045 seconds
Average Cost: 139.488635585
Average Frontier: 2225 cells
Average Explored: 6304 cells
Total Time: 1210.58900023 seconds
