Integrated A* Benchmark on 50 .grid files [w1=2.0], [w2=1.25]:

sources: [0-0.grid,0-1.grid,0-2.grid,0-3.grid,0-4.grid,0-5.grid,0-6.grid,0-7.grid,0-8.grid,0-9.grid,1-0.grid,1-1.grid,1-2.grid,1-3.grid,1-4.grid,1-5.grid,1-6.grid,1-7.grid,1-8.grid,1-9.grid,2-0.grid,2-1.grid,2-2.grid,2-3.grid,2-4.grid,2-5.grid,2-6.grid,2-7.grid,2-8.grid,2-9.grid,3-0.grid,3-1.grid,3-2.grid,3-3.grid,3-4.grid,3-5.grid,3-6.grid,3-7.grid,3-8.grid,3-9.grid,4-0.grid,4-1.grid,4-2.grid,4-3.grid,4-4.grid,4-5.grid,4-6.grid,4-7.grid,4-8.grid,4-9.grid]
times: [31.6340000629,27.7649998665,33.1819999218,23.0370001793,7.2389998436,28.0450000763,39.6920001507,23.0609998703,8.02300000191,18.5230000019,10.9509999752,11.8869998455,28.0699999332,14.0080001354,17.114000082,14.5889999866,7.73600006104,3.94599986076,11.5690000057,31.8229999542,13.8380000591,16.8710000515,13.6679999828,14.0399999619,1.54899978638,41.3819999695,22.0659999847,20.125,35.7049999237,34.5759999752,16.6879999638,7.98799991608,6.52999997139,10.0820000172,73.7829999924,13.3019998074,11.9800000191,15.8630001545,15.2269999981,14.2279999256,44.4279999733,50.4749999046,19.5009999275,15.8989999294,20.0909998417,21.8849999905,29.5310001373,10.4180002213,16.6719999313,38.0]
costs: [181.025649276,153.518289963,179.428823869,138.855339059,95.2058441227,178.747474683,151.040367902,141.169047558,89.7989898732,150.433766184,95.9484848098,115.816125497,156.165367902,121.805086528,140.204581464,136.044047558,107.466883092,92.7989898732,107.941125497,157.9177849,124.801406871,133.523232278,135.99011537,125.526911935,63.5845237792,185.275649276,143.333261121,124.398232278,178.643289963,160.822222151,127.655591591,123.333261121,93.9558441227,121.390872965,167.997474683,120.859018716,142.204581464,126.512193309,133.887193309,135.068542495,170.982756057,198.725396744,164.597979746,120.833261121,152.012193309,175.74011537,170.097979746,104.705844123,136.526911935,164.89696962]
frontiers: [3912,3711,3529,2026,1492,2029,4083,3296,1413,1924,1902,1252,4058,2137,1820,1368,1965,1896,2024,2873,1487,3492,2059,1508,1314,1858,4027,1853,2889,2544,2860,2701,2226,1362,2264,1555,4746,1425,1148,1305,2531,1381,1924,1331,1901,2005,2199,2274,1811,2632]
explored: [8914,8190,9894,7498,2542,9006,11453,6870,2737,6162,3421,3882,7766,4498,5602,4854,2618,1338,3621,9452,4566,5098,4683,4582,537,12093,6394,6550,10534,9925,5018,2699,2200,3470,21818,4562,3690,5386,5130,4842,13978,15776,6526,5246,6806,7218,9822,3458,5534,11286]

Average Time: 21.1656999826 seconds
Average Cost: 138.384297924
Average Frontier: 2266 cells
Average Explored: 6594 cells
Total Time: 1058.28499913 seconds
