Integrated A* Benchmark on 50 .grid files [w1=2.0], [w2=1.0]:

sources: [0-0.grid,0-1.grid,0-2.grid,0-3.grid,0-4.grid,0-5.grid,0-6.grid,0-7.grid,0-8.grid,0-9.grid,1-0.grid,1-1.grid,1-2.grid,1-3.grid,1-4.grid,1-5.grid,1-6.grid,1-7.grid,1-8.grid,1-9.grid,2-0.grid,2-1.grid,2-2.grid,2-3.grid,2-4.grid,2-5.grid,2-6.grid,2-7.grid,2-8.grid,2-9.grid,3-0.grid,3-1.grid,3-2.grid,3-3.grid,3-4.grid,3-5.grid,3-6.grid,3-7.grid,3-8.grid,3-9.grid,4-0.grid,4-1.grid,4-2.grid,4-3.grid,4-4.grid,4-5.grid,4-6.grid,4-7.grid,4-8.grid,4-9.grid]
times: [27.4140000343,38.5090000629,30.6380000114,18.135999918,8.61500000954,33.6510000229,36.0149998665,21.6959998608,7.05399990082,30.1909999847,8.95799994469,12.484000206,38.9649999142,18.1229999065,26.1050000191,13.4379999638,8.2650001049,3.62900018692,12.1719999313,28.0479998589,13.1579999924,25.9579999447,13.0840001106,14.5649998188,1.18499994278,59.5799999237,35.8550000191,16.0309998989,40.0169999599,52.8919999599,12.8040001392,6.18499994278,5.92900013924,10.4029998779,67.25,13.7699999809,7.54200005531,15.5590000153,16.4839999676,15.2149999142,40.2780001163,79.8120000362,18.3129999638,19.0429999828,17.3650000095,21.8340001106,20.5460000038,11.9300000668,16.3630001545,36.7269999981]
costs: [156.204581464,145.783008589,163.828318806,140.840620434,101.776911935,149.997474683,148.24011537,133.004833996,84.3063491861,142.340620434,90.6703102168,116.116378029,154.540367902,111.245057685,131.89696962,133.361435714,109.112698372,90.0563491861,104.691125497,142.629833996,123.426406871,133.937445841,141.204581464,128.026911935,60.2058441227,161.39696962,131.512193309,122.762193309,169.169047558,154.465620434,110.920310217,118.232756057,91.7769119346,121.208261121,150.117532368,124.840620434,129.947222151,125.786688245,139.251154339,135.504833996,157.439862838,179.588095117,165.911688245,115.669047558,153.19848481,170.882250994,165.254833996,111.512193309,135.340620434,158.14696962]
frontiers: [4409,3847,3247,2026,1476,2123,4088,3950,1527,1862,1825,1216,2904,2165,1725,1345,2035,1810,2211,3752,1540,4466,2075,1673,1315,1576,4131,1660,2418,2703,2802,2680,2150,1255,2375,1380,3331,1390,1251,1586,3575,1926,1840,1388,1632,1666,1886,1534,1850,2489]
explored: [7589,11118,8881,6130,3046,10950,10580,6298,2386,10154,2849,4090,10545,5777,8730,4506,2781,1246,3810,8754,4314,7023,4449,4858,404,18126,9870,5182,11430,15334,3746,2121,2024,3530,19501,4694,2430,5242,5538,5154,12586,24481,6238,6384,5902,7226,6850,4024,5350,10781]

Average Time: 22.9556599951 seconds
Average Cost: 132.745618267
Average Frontier: 2261 cells
Average Explored: 7100 cells
Total Time: 1147.78299975 seconds
