Integrated A* Benchmark on 50 .grid files [w1=1.0], [w2=2.0]:

sources: [0-0.grid,0-1.grid,0-2.grid,0-3.grid,0-4.grid,0-5.grid,0-6.grid,0-7.grid,0-8.grid,0-9.grid,1-0.grid,1-1.grid,1-2.grid,1-3.grid,1-4.grid,1-5.grid,1-6.grid,1-7.grid,1-8.grid,1-9.grid,2-0.grid,2-1.grid,2-2.grid,2-3.grid,2-4.grid,2-5.grid,2-6.grid,2-7.grid,2-8.grid,2-9.grid,3-0.grid,3-1.grid,3-2.grid,3-3.grid,3-4.grid,3-5.grid,3-6.grid,3-7.grid,3-8.grid,3-9.grid,4-0.grid,4-1.grid,4-2.grid,4-3.grid,4-4.grid,4-5.grid,4-6.grid,4-7.grid,4-8.grid,4-9.grid]
times: [37.5639998913,44.010999918,40.1560001373,37.1779999733,11.5469999313,36.7740001678,43.5089998245,37.3180000782,11.486000061,43.6419999599,15.5279998779,20.0850000381,36.239000082,18.5290000439,22.1879999638,26.1980001926,19.3580000401,11.7630000114,16.5889999866,42.3209998608,22.25,35.4089999199,22.3359999657,26.2150001526,1.03999996185,39.9729998112,40.8569998741,29.2860000134,37.2389998436,43.2529997826,23.1720001698,12.885999918,13.9869999886,25.4449999332,47.9379999638,26.5149998665,20.8389999866,26.628000021,21.8880000114,23.6449999809,37.5769999027,43.7060000896,33.393999815,17.3050000668,33.0160000324,38.4120001793,34.8819999695,13.7130000591,32.0940001011,39.9619998932]
costs: [155.590620434,156.269552622,165.762193309,135.819805153,100.384776311,143.16663056,155.655591591,135.537950904,88.813708499,144.120057685,91.3492424049,114.030591591,141.209523779,96.216883092,138.562445841,133.405591591,109.588203436,92.7205627485,102.263455967,147.484018716,123.209523779,138.873737342,133.452164466,131.19848481,38.8566017178,171.926406871,137.159271247,126.702164466,153.287950904,159.44848481,97.3921356237,118.420310217,94.2279220614,123.884776311,148.862698372,134.491378029,121.334523779,128.798989873,142.534271247,144.680086528,159.640872965,194.784271247,168.870057685,114.134776311,163.862698372,168.519552622,176.94848481,103.056349186,147.877416998,157.46930009]
frontiers: [3568,2131,2199,2581,2355,2262,2092,3088,1875,1621,1735,1677,3598,2416,1697,1712,2480,2995,1820,3020,2010,2045,3200,2735,1380,1426,1756,2515,1691,1609,3230,2890,3005,2485,917,2275,3306,2115,2021,1800,2152,1072,1641,1165,1336,1295,1126,1540,1285,1740]
explored: [10750,13905,12806,11846,4442,12026,13797,11290,3842,13194,5250,6350,10482,5954,7538,9158,6450,3542,5150,12793,7614,11406,8130,9118,385,13881,12234,9222,12418,13785,7106,4480,4786,8286,15216,9286,6558,8814,7610,8382,12686,15029,11582,6394,11362,12532,12082,4906,10994,13126]

Average Time: 28.7368999863 seconds
Average Cost: 133.437141379
Average Frontier: 2113 cells
Average Explored: 9399 cells
Total Time: 1436.84499931 seconds
