Integrated A* Benchmark on 50 .grid files [w1=2.0], [w2=1.75]:

sources: [0-0.grid,0-1.grid,0-2.grid,0-3.grid,0-4.grid,0-5.grid,0-6.grid,0-7.grid,0-8.grid,0-9.grid,1-0.grid,1-1.grid,1-2.grid,1-3.grid,1-4.grid,1-5.grid,1-6.grid,1-7.grid,1-8.grid,1-9.grid,2-0.grid,2-1.grid,2-2.grid,2-3.grid,2-4.grid,2-5.grid,2-6.grid,2-7.grid,2-8.grid,2-9.grid,3-0.grid,3-1.grid,3-2.grid,3-3.grid,3-4.grid,3-5.grid,3-6.grid,3-7.grid,3-8.grid,3-9.grid,4-0.grid,4-1.grid,4-2.grid,4-3.grid,4-4.grid,4-5.grid,4-6.grid,4-7.grid,4-8.grid,4-9.grid]
times: [33.1629998684,30.9720001221,29.2860000134,21.1489999294,7.65300011635,28.0160000324,36.739000082,27.2699999809,9.06500005722,23.1600000858,12.5460000038,15.385999918,43.6779999733,14.3170001507,20.3509998322,16.3570001125,10.496999979,4.91199994087,14.3819999695,36.5390000343,15.9449999332,24.6259999275,13.736000061,16.756000042,0.871999979019,42.8150000572,24.1340000629,19.9480001926,39.5349998474,43.1879999638,23.3870000839,13.0130000114,6.49199986458,11.8499999046,48.0210001469,15.245000124,32.3740000725,16.4719998837,17.5420000553,16.9670000076,39.4010000229,48.3009998798,19.7889997959,17.4249999523,20.871999979,26.120000124,25.8240001202,13.3519999981,19.3190000057,40.2509999275]
costs: [181.346717088,154.39696962,170.061183182,142.112698372,93.877416998,173.661688245,169.203318806,139.34430009,87.9558441227,153.926406871,93.1200576851,117.155591591,180.161688245,110.819805153,140.083261121,133.711940777,108.537950904,92.5489898732,108.705844123,161.475396744,128.191125497,143.597979746,143.372474683,130.905591591,52.3492424049,179.214357775,142.790367902,127.008513652,177.643289963,174.206998462,132.390872965,130.754833996,90.5134559673,123.215620434,171.596717088,120.769552622,161.925144213,122.230339059,135.590620434,134.525649276,181.368795027,197.322222151,162.183766184,125.404328933,151.583261121,176.111435714,166.754833996,105.019552622,138.097979746,161.354076401]
frontiers: [4036,3754,2907,1937,1550,1753,3136,3587,1431,1935,1875,1294,3363,1972,1783,1288,2281,2015,2273,2908,1495,3607,2033,1681,1236,2055,3554,1787,3007,1988,3325,2836,2140,1182,2156,1395,3859,1453,1203,1510,2737,1745,2062,1019,1843,2031,1910,1922,1649,2543]
explored: [9259,8948,8674,6450,2515,8250,9954,7145,2754,6742,3469,4294,11026,4018,5778,4778,2966,1415,3944,9704,4762,6809,4314,5054,260,11417,6258,5530,10437,11386,6042,3783,1894,3438,12397,4486,8414,4950,5186,4974,10862,13321,5986,5298,6054,7538,7342,3762,5598,10706]

Average Time: 22.9802000046 seconds
Average Cost: 140.004001385
Average Frontier: 2200 cells
Average Explored: 6406 cells
Total Time: 1149.01000023 seconds
