Integrated A* Benchmark on 50 .grid files [w1=1.25], [w2=1.25]:

sources: [0-0.grid,0-1.grid,0-2.grid,0-3.grid,0-4.grid,0-5.grid,0-6.grid,0-7.grid,0-8.grid,0-9.grid,1-0.grid,1-1.grid,1-2.grid,1-3.grid,1-4.grid,1-5.grid,1-6.grid,1-7.grid,1-8.grid,1-9.grid,2-0.grid,2-1.grid,2-2.grid,2-3.grid,2-4.grid,2-5.grid,2-6.grid,2-7.grid,2-8.grid,2-9.grid,3-0.grid,3-1.grid,3-2.grid,3-3.grid,3-4.grid,3-5.grid,3-6.grid,3-7.grid,3-8.grid,3-9.grid,4-0.grid,4-1.grid,4-2.grid,4-3.grid,4-4.grid,4-5.grid,4-6.grid,4-7.grid,4-8.grid,4-9.grid]
times: [31.3630001545,44.5629999638,38.1809999943,29.3819999695,9.73900008202,32.7780001163,43.493999958,35.763999939,9.55799984932,47.3359999657,13.1919999123,17.4159998894,33.6640000343,17.5839998722,24.388999939,20.5280001163,14.7849998474,7.30800008774,15.0509998798,51.7249999046,22.0009999275,29.9960000515,22.0520000458,23.8039999008,0.672999858856,44.3090000153,43.5409998894,23.5789999962,38.3139998913,42.2960000038,21.989000082,9.62999987602,9.82699990273,19.1530001163,48.8159999847,24.8989999294,22.6349999905,24.6719999313,19.5360000134,27.3030002117,40.1349999905,45.4389998913,26.8350000381,16.873000145,37.9600000381,33.7489998341,32.4519999027,13.4649999142,29.0850000381,48.6369998455]
costs: [151.183766184,155.512193309,165.105339059,134.120057685,99.7058441227,138.705844123,157.204581464,139.19848481,89.4632034356,142.534271247,93.8063491861,116.662950904,131.970562748,106.384776311,141.577164466,128.984018716,111.537950904,91.2634559673,102.42766953,153.336940777,129.71930009,126.609018716,139.805086528,131.526911935,43.3994949366,171.455844123,142.495057685,125.366378029,155.202164466,159.680086528,106.938708499,117.29163056,95.0563491861,127.734018716,156.519552622,130.455844123,133.284271247,128.991378029,138.44848481,137.870057685,160.447222151,189.537950904,168.433766184,115.705844123,162.112698372,169.997474683,176.083261121,103.04163056,145.776911935,161.676406871]
frontiers: [4062,2671,2938,2536,1656,2480,2392,3264,1740,2946,1661,1781,3413,1933,1790,1622,2351,2920,1787,3562,1750,3895,2504,1930,1130,1477,2301,2047,2032,1884,3093,2928,2685,1963,1380,1880,3880,1530,1507,1834,2333,1084,1821,1164,1769,1501,1620,1512,1937,1951]
explored: [8818,14114,11785,9678,3730,10550,13525,11661,3618,15738,4710,5910,9218,5818,7566,6622,4750,2349,4694,15653,7316,8261,7270,7318,220,13118,12037,7654,11994,13817,6890,3431,3445,6946,14233,7710,6170,7654,6438,8366,12041,15737,9550,6078,13334,11834,11310,4802,9946,12874]

Average Time: 27.6290999746 seconds
Average Cost: 134.026964607
Average Frontier: 2196 cells
Average Explored: 8766 cells
Total Time: 1381.45499873 seconds
