Integrated A* Benchmark on 50 .grid files [w1=1.75], [w2=1.25]:

sources: [0-0.grid,0-1.grid,0-2.grid,0-3.grid,0-4.grid,0-5.grid,0-6.grid,0-7.grid,0-8.grid,0-9.grid,1-0.grid,1-1.grid,1-2.grid,1-3.grid,1-4.grid,1-5.grid,1-6.grid,1-7.grid,1-8.grid,1-9.grid,2-0.grid,2-1.grid,2-2.grid,2-3.grid,2-4.grid,2-5.grid,2-6.grid,2-7.grid,2-8.grid,2-9.grid,3-0.grid,3-1.grid,3-2.grid,3-3.grid,3-4.grid,3-5.grid,3-6.grid,3-7.grid,3-8.grid,3-9.grid,4-0.grid,4-1.grid,4-2.grid,4-3.grid,4-4.grid,4-5.grid,4-6.grid,4-7.grid,4-8.grid,4-9.grid]
times: [25.9440000057,35.9879999161,32.9279999733,22.2810001373,7.67999982834,25.5069999695,33.4579999447,27.6970000267,7.89400005341,23.2760000229,11.628000021,11.6449999809,30.1659998894,13.763999939,23.7760000229,15.0290000439,10.3099999428,4.40300011635,10.5680000782,39.5880000591,16.5280001163,18.4240000248,14.8139998913,20.7920000553,0.861999988556,44.9169998169,25.5639998913,19.3190000057,35.8460001945,47.4829998016,14.7700002193,10.0650000572,6.32500004768,11.6369998455,59.5280001163,14.1380000114,13.2120001316,17.9000000954,16.4580001831,14.8389999866,35.3980000019,50.3529999256,21.3320000172,16.635999918,21.5050001144,26.3579998016,30.5509998798,12.5800001621,20.6130001545,37.5269999504]
costs: [169.669047558,156.797727215,170.122474683,143.691125497,95.7132034356,164.161688245,135.226659403,138.501154339,88.5489898732,151.112698372,92.5060966544,113.769552622,145.097979746,117.961940777,141.840620434,126.544047558,106.881096654,94.3847763109,100.263455967,154.626154339,126.230339059,138.794047558,141.283008589,131.19848481,51.1850288425,176.546464556,140.515872965,126.758513652,159.273232278,173.411688245,103.784271247,126.769552622,94.341883092,124.008513652,168.533008589,124.387193309,135.251154339,128.680086528,138.004833996,132.504833996,170.053823869,198.801406871,164.933766184,125.325901808,153.676406871,174.475396744,167.904328933,106.69848481,140.012193309,163.544047558]
frontiers: [4659,3254,3477,2061,1605,2116,4897,3374,1436,2553,1636,1223,3844,1852,2061,1407,2430,2140,2321,3080,1601,3543,2208,1739,1166,1387,3372,1886,2193,2672,2955,3406,2116,1275,2329,1455,4266,1905,1221,1542,2781,1136,2145,1050,1936,1873,2156,1548,1855,2492]
explored: [7688,10782,10074,7578,2778,8402,10253,8217,2814,7734,3773,3974,8250,4626,8070,5122,3486,1537,3397,12262,5526,5777,5262,7194,292,14070,7630,6286,10482,14761,4338,3334,2245,4070,18450,4982,4090,6090,5666,5042,11033,16046,7346,5694,7310,8766,10506,4270,6834,11713]

Average Time: 22.1960800076 seconds
Average Cost: 136.286165171
Average Frontier: 2292 cells
Average Explored: 7118 cells
Total Time: 1109.80400038 seconds
