Integrated A* Benchmark on 50 .grid files [w1=1.25], [w2=1.75]:

sources: [0-0.grid,0-1.grid,0-2.grid,0-3.grid,0-4.grid,0-5.grid,0-6.grid,0-7.grid,0-8.grid,0-9.grid,1-0.grid,1-1.grid,1-2.grid,1-3.grid,1-4.grid,1-5.grid,1-6.grid,1-7.grid,1-8.grid,1-9.grid,2-0.grid,2-1.grid,2-2.grid,2-3.grid,2-4.grid,2-5.grid,2-6.grid,2-7.grid,2-8.grid,2-9.grid,3-0.grid,3-1.grid,3-2.grid,3-3.grid,3-4.grid,3-5.grid,3-6.grid,3-7.grid,3-8.grid,3-9.grid,4-0.grid,4-1.grid,4-2.grid,4-3.grid,4-4.grid,4-5.grid,4-6.grid,4-7.grid,4-8.grid,4-9.grid]
times: [40.2170000076,46.4430000782,38.7200000286,28.6800000668,9.47699999809,33.5009999275,43.3479998112,32.9739999771,9.88700008392,35.9019999504,12.7999999523,17.0,36.6960000992,16.4009997845,21.3949999809,20.5680000782,14.8350000381,7.01599979401,14.1940000057,39.0989999771,19.9600000381,28.2230000496,16.4289999008,20.4470000267,0.874000072479,43.5399999619,41.2550001144,23.9089999199,38.6050000191,40.0929999352,22.2980000973,9.72699999809,10.9000000954,22.1619999409,50.7179999352,20.9700000286,22.8540000916,24.8539998531,19.5039999485,20.8569998741,37.8329999447,43.8760001659,28.0649998188,16.4930000305,29.1819999218,36.6340000629,33.8229999542,13.1330001354,29.3099999428,40.3429999352]
costs: [166.383513652,153.575901808,169.370057685,132.405591591,98.9705627485,143.112698372,157.637193309,136.620057685,90.5416305603,153.144552622,89.9350288425,115.534271247,140.295310217,105.338203436,142.034271247,131.023232278,113.216883092,93.3847763109,104.341883092,153.155591591,130.597979746,129.588203436,131.69848481,127.634776311,48.063708499,173.159271247,150.972979746,128.422727215,161.252416998,159.833261121,109.349242405,114.94848481,97.841883092,120.851659403,154.484018716,129.534271247,134.012193309,132.347979746,140.230339059,139.691125497,168.797727215,195.601659403,160.691125497,110.284271247,162.347979746,172.004833996,176.090620434,100.955844123,144.29163056,157.862698372]
frontiers: [3569,2699,2944,2647,1555,2740,2203,3118,1687,2287,1555,1572,3608,2130,1725,2033,2315,2390,1794,3262,1883,4061,2350,2225,1225,1477,1662,2079,1831,1735,3340,3251,2861,2072,1217,1670,3422,1721,1742,1775,2166,1272,1956,1336,2017,1393,1345,1497,2021,1782]
explored: [10618,12637,12073,9606,3554,10586,13661,10458,3650,11522,4448,5686,10240,5506,7406,7106,5038,2450,4826,12261,7014,8425,5886,6918,325,13713,12812,8078,12398,12697,6762,3280,3731,7406,15393,7254,7046,8454,6850,7214,12394,14706,9374,5726,9950,12204,11433,4550,9710,12926]

Average Time: 26.5204799891 seconds
Average Cost: 135.069292168
Average Frontier: 2164 cells
Average Explored: 8559 cells
Total Time: 1326.02399945 seconds
